'D'-form nondimensionalised resistance scalars, generated 05/09/2023 22:40:55
             s'          lambda           gamma              XA              YA              YB              XC              YC              XG              YG              YH              XM              YM              ZM 
 2.00001000e+00  1.00000000e-02  0.00000000e+00  1.94270958e+01  3.88009673e-02 -5.85575335e-02  1.94009708e-07  2.94328246e-02  2.91418129e+01  2.88399069e-02  1.44936181e-02  1.16571860e+01  1.71034054e-02  4.26156789e-07
 2.00001000e+00  1.00000000e-02  1.00000000e+00 -1.94271108e+01 -3.88918875e-02  5.86876651e-02 -1.94718226e-07  5.31731658e-05 -2.91418148e+01 -2.89033599e-02  2.84250480e-05  1.16150697e-01  2.44882585e-04 -3.66177034e-07
 2.00002000e+00  1.00000000e-02  0.00000000e+00  9.71975720e+00  3.52027595e-02 -5.31206071e-02  1.91503116e-07  2.66941549e-02  1.45807057e+01  2.61610652e-02  1.31444933e-02  5.83270344e+00  1.55077493e-02  4.23207851e-07
 2.00002000e+00  1.00000000e-02  1.00000000e+00 -9.71977226e+00 -3.52936797e-02  5.32507387e-02 -1.92211634e-07  4.63960765e-05 -1.45807076e+01 -2.62245182e-02  2.48339071e-05  5.79460517e-02  2.17279717e-04 -3.63228096e-07
 2.00005000e+00  1.00000000e-02  0.00000000e+00  3.89432052e+00  3.04578564e-02 -4.59513819e-02  1.84602650e-07  2.30830857e-02  5.84242034e+00  2.26283421e-02  1.13654248e-02  2.33733714e+00  1.34033749e-02  4.15089640e-07
 2.00005000e+00  1.00000000e-02  1.00000000e+00 -3.89433559e+00 -3.05487766e-02  4.60815135e-02 -1.85311168e-07  3.75599659e-05 -5.84242226e+00 -2.26917951e-02  2.01498238e-05  2.30452458e-02  1.81151747e-04 -3.55109885e-07
 2.00010000e+00  1.00000000e-02  0.00000000e+00  1.95171197e+00  2.68857862e-02 -4.05547754e-02  1.74061570e-07  2.03651470e-02  2.92841019e+00  1.99685689e-02  1.00261055e-02  1.17169415e+00  1.18188473e-02  4.02688345e-07
 2.00010000e+00  1.00000000e-02  1.00000000e+00 -1.95172703e+00 -2.69767064e-02  4.06849070e-02 -1.74770088e-07  3.10577481e-05 -2.92841212e+00 -2.00320219e-02  1.67001272e-05  1.14284168e-02  1.54357577e-04 -3.42708590e-07
 2.00020000e+00  1.00000000e-02  0.00000000e+00  9.79703258e-01  2.33424264e-02 -3.52024577e-02  1.54695119e-07  1.76699801e-02  1.47030200e+00  1.73297411e-02  8.69755707e-03  5.88412800e-01  1.02465436e-02  3.79904241e-07
 2.00020000e+00  1.00000000e-02  1.00000000e+00 -9.79718320e-01 -2.34333466e-02  3.53325893e-02 -1.55403637e-07  2.48574589e-05 -1.47030392e+00 -1.73931942e-02  1.34057981e-05  5.63456730e-03  1.28451712e-04 -3.19924486e-07
 2.00050000e+00  1.00000000e-02  0.00000000e+00  3.95502842e-01  1.87439349e-02 -2.82590873e-02  1.02788867e-07  1.41750373e-02  5.93882094e-01  1.39038313e-02  6.97341531e-03  2.37797088e-01  8.20450625e-03  3.18837942e-07
 2.00050000e+00  1.00000000e-02  1.00000000e+00 -3.95517904e-01 -1.88348551e-02  2.83892189e-02 -1.03497385e-07  1.75610610e-05 -5.93884015e-01 -1.39672844e-02  9.51402552e-06  2.17801913e-03  9.68537277e-05 -2.58858187e-07
 2.00100000e+00  1.00000000e-02  0.00000000e+00  2.00029493e-01  1.53877855e-02 -2.31955608e-02  2.58754003e-08  1.16283564e-02  3.00591116e-01  1.14015813e-02  5.71509926e-03  1.20448257e-01  6.71191032e-03  2.28351333e-07
 2.00100000e+00  1.00000000e-02  1.00000000e+00 -2.00044556e-01 -1.54787057e-02  2.33256924e-02 -2.65839183e-08  1.33295381e-05 -3.00593037e-01 -1.14650343e-02  7.23279105e-06  1.03934135e-03  7.67401656e-05 -1.68371578e-07
 2.00200000e+00  1.00000000e-02  0.00000000e+00  1.01681097e-01  1.22412486e-02 -1.84583625e-02 -1.07983074e-07  9.25088287e-03  1.52995543e-01  9.06132717e-03  4.54066078e-03  6.13806888e-02  5.31917602e-03  7.20531601e-08
 2.00200000e+00  1.00000000e-02  1.00000000e+00 -1.01696001e-01 -1.23249135e-02  1.85777253e-02  1.08634376e-07  1.11431722e-05 -1.52997219e-01 -9.11961728e-03  6.00540995e-06  4.79209172e-04  6.26472577e-05 -9.95146633e-09
 2.00500000e+00  1.00000000e-02  0.00000000e+00  4.19257379e-02  8.65168610e-03 -1.30802484e-02 -4.47686226e-07  6.56496836e-03  6.32962082e-02  6.39844424e-03  3.21059002e-03  2.54740310e-02  3.73817826e-03 -3.24128259e-07
 2.00500000e+00  1.00000000e-02  1.00000000e+00 -4.19401229e-02 -8.71371974e-03  1.31675384e-02  4.52375622e-07  1.39816600e-05 -6.32970851e-02 -6.44142173e-03  7.33321236e-06  1.48510808e-04  6.08778072e-05  3.92491158e-07
 2.01000000e+00  1.00000000e-02  0.00000000e+00  2.16079517e-02  6.69539158e-03 -1.01907477e-02 -9.18082015e-07  5.14303198e-03  3.28064434e-02  4.96156556e-03  2.50287491e-03  1.32722471e-02  2.89281633e-03 -8.72006473e-07
 2.01000000e+00  1.00000000e-02  1.00000000e+00 -2.16213300e-02 -6.72181671e-03  1.02253529e-02  9.29365577e-07  2.36866468e-05 -3.28057690e-02 -4.97960011e-03  1.22306341e-05  3.21285316e-05  8.17843398e-05  9.50463242e-07
 2.02000000e+00  1.00000000e-02  0.00000000e+00  1.13424594e-02  5.82840707e-03 -8.99551366e-03 -1.68801070e-06  4.59875745e-03  1.74427624e-02  4.36046305e-03  2.22741342e-03  7.13930931e-03  2.55800838e-03 -1.76765613e-06
 2.02000000e+00  1.00000000e-02  1.00000000e+00 -1.13533040e-02 -5.78524443e-03  8.92757372e-03  1.71198654e-06  4.40896381e-05 -1.74381766e-02 -4.33071437e-03  2.26400143e-05 -4.59363791e-05  1.34181772e-04  1.86507262e-06
 2.02500000e+00  1.00000000e-02  0.00000000e+00  7.87007666e-03  2.63757473e-03 -3.92385928e-03  8.61554272e-09  1.94584167e-03  1.20096620e-02  1.87693810e-03  9.30753882e-04  4.88712317e-03  1.06855504e-03  1.32647364e-08
 2.02500000e+00  1.00000000e-02  1.00000000e+00 -7.87476354e-03 -2.71800187e-03  4.04348774e-03 -8.89473383e-09  7.11490915e-07 -1.20168163e-02 -1.93415249e-03  3.64206614e-07  1.41635224e-05  4.96681773e-06 -1.40890298e-08
 2.05000000e+00  1.00000000e-02  0.00000000e+00  4.03919026e-03  1.39194934e-03 -2.05582920e-03  2.29238717e-09  1.01212265e-03  6.22232544e-03  9.59126652e-04  4.72190186e-04  2.55611744e-03  5.28719047e-04  3.73121112e-09
 2.05000000e+00  1.00000000e-02  1.00000000e+00 -4.04553700e-03 -1.46220645e-03  2.15958827e-03 -2.28251117e-09  1.87384699e-07 -6.23210289e-03 -1.00753271e-03  9.37377941e-08  5.25836183e-06  1.86226639e-06 -3.83952886e-09
 2.10000000e+00  1.00000000e-02  0.00000000e+00  1.96051173e-03  6.28404139e-04 -9.15606934e-04  5.41344525e-10  4.44692478e-04  3.06193259e-03  4.06952541e-04  1.97647794e-04  1.27523730e-03  2.10835004e-04  9.09916142e-10
 2.10000000e+00  1.00000000e-02  1.00000000e+00 -1.96961369e-03 -6.84420161e-04  9.97222595e-04 -4.21007271e-10  4.12100968e-08 -3.07614777e-03 -4.43227178e-04  1.95777820e-08  1.75171799e-06  5.61730784e-07 -7.37898848e-10
 2.20000000e+00  1.00000000e-02  0.00000000e+00  8.65629614e-04  2.27286424e-04 -3.22495052e-04  1.70172543e-10  1.52528999e-04  1.37101251e-03  1.30577103e-04  6.17583116e-05  5.79054903e-04  6.00143396e-05  2.54878563e-10
 2.20000000e+00  1.00000000e-02  1.00000000e+00 -8.78188156e-04 -2.64869452e-04  3.75820932e-04 -5.60269790e-11  8.64417740e-09 -1.39090290e-03 -1.52168334e-04  3.69365044e-09  5.07609721e-07  1.27279543e-07 -9.19125528e-11
 2.30000000e+00  1.00000000e-02  0.00000000e+00  4.98259274e-04  1.08602986e-04 -1.50077413e-04  9.99909044e-11  6.91303307e-05  7.90842144e-04  5.55904485e-05  2.56066607e-05  3.34728842e-04  2.27642952e-05  1.26434418e-10
 2.30000000e+00  1.00000000e-02  1.00000000e+00 -5.12341258e-04 -1.34785477e-04  1.86258530e-04 -1.47335960e-11  3.03626980e-09 -8.13193095e-04 -6.89922228e-05  1.18194648e-09  2.28730297e-07  4.51440139e-08 -2.14026001e-11
 2.40000000e+00  1.00000000e-02  0.00000000e+00  3.19319542e-04  5.91556587e-05 -7.96175841e-05  6.74023060e-11  3.57191896e-05  5.04001134e-04  2.70824385e-05  1.21500989e-05  2.12132094e-04  9.91919430e-06  7.24094118e-11
 2.40000000e+00  1.00000000e-02  1.00000000e+00 -3.33686089e-04 -7.78793860e-05  1.04817698e-04 -5.26988832e-12  1.23094353e-09 -5.26676659e-04 -3.56543373e-05  4.41307672e-10  1.24289387e-07  1.96812087e-08 -6.69167999e-12
 2.50000000e+00  1.00000000e-02  0.00000000e+00  2.16979743e-04  3.49190677e-05 -4.57776468e-05  4.76050310e-11  2.00043526e-05  3.38789913e-04  1.43495955e-05  6.27060860e-06  1.41062173e-04  4.71754489e-06  4.42039738e-11
 2.50000000e+00  1.00000000e-02  1.00000000e+00 -2.30877414e-04 -4.85961825e-05  6.37077496e-05 -2.25017810e-12  5.12722055e-10 -3.60489563e-04 -1.99699667e-05  1.71208390e-10  7.48796790e-08  9.71061814e-09 -2.50922116e-12
 2.60000000e+00  1.00000000e-02  0.00000000e+00  1.53012401e-04  2.17961650e-05 -2.78365548e-05  3.44433371e-11  1.18503590e-05  2.35493390e-04  8.06683477e-06  3.43413433e-06  9.66495045e-05  2.38852042e-06  2.81938917e-11
 2.60000000e+00  1.00000000e-02  1.00000000e+00 -1.66014339e-04 -3.19658516e-05  4.08244978e-05 -1.07841486e-12  2.03317594e-10 -2.55503971e-04 -1.18306151e-05  6.43227646e-11  4.80726461e-08  5.20419090e-09 -1.06270409e-12
 2.70000000e+00  1.00000000e-02  0.00000000e+00  1.10757559e-04  1.41868847e-05 -1.76545997e-05  2.53361776e-11  7.32335072e-06  1.67600072e-04  4.74390066e-06  1.96781479e-06  6.76306989e-05  1.26908886e-06  1.86568538e-11
 2.70000000e+00  1.00000000e-02  1.00000000e+00 -1.22654049e-04 -2.18651012e-05  2.72095527e-05 -5.60891118e-13  6.57627045e-11 -1.85602006e-04 -7.31135391e-06  2.06625068e-11  3.22196414e-08  2.96139330e-09 -4.91609203e-13
 2.80000000e+00  1.00000000e-02  0.00000000e+00  8.17755810e-05  9.54452280e-06 -1.15763427e-05  1.88844496e-11  4.68026266e-06  1.21453162e-04  2.89223587e-06  1.16930344e-06  4.81019759e-05  7.01179016e-07  1.27606814e-11
 2.80000000e+00  1.00000000e-02  1.00000000e+00 -9.24960594e-05 -1.54200806e-05  1.87026347e-05 -3.10201368e-13  4.93248895e-12 -1.37375205e-04 -4.67265437e-06  2.98021063e-12  2.22836625e-08  1.76475398e-09 -2.43551317e-13
 2.90000000e+00  1.00000000e-02  0.00000000e+00  6.13407980e-05  6.59695951e-06 -7.80070546e-06  1.42366119e-11  3.07472502e-06  8.93073738e-05  1.81673497e-06  7.16070826e-07  3.46732207e-05  4.00282397e-07  8.99258445e-12
 2.90000000e+00  1.00000000e-02  1.00000000e+00 -7.08992726e-05 -1.11469500e-05  1.31808993e-05 -1.80005138e-13 -2.03194697e-11 -1.03223738e-04 -3.06973600e-06 -3.66780103e-12  1.57864224e-08  1.09096493e-09 -1.27385992e-13
 3.00000000e+00  1.00000000e-02  0.00000000e+00  4.66231953e-05  4.66404297e-06 -5.37853711e-06  1.08419940e-11  2.06751585e-06  6.64858698e-05  1.17044933e-06  4.49910251e-07  2.52828324e-05  2.35009851e-07  6.51056986e-12
 3.00000000e+00  1.00000000e-02  1.00000000e+00 -5.50823306e-05 -8.22536815e-06  9.48540444e-06 -1.08596767e-13 -2.89841290e-11 -7.85487897e-05 -2.06415462e-06 -5.63711213e-12  1.14010286e-08  6.95100639e-10 -6.96727115e-14
 3.10000000e+00  1.00000000e-02  0.00000000e+00  3.58401818e-05  3.36192279e-06 -3.78223568e-06  8.33400016e-12  1.41838217e-06  5.00319344e-05  7.70788534e-07  2.89044224e-07  1.86248820e-05  1.41399699e-07  4.82791584e-12
 3.10000000e+00  1.00000000e-02  1.00000000e+00 -4.32877045e-05 -6.17646167e-06  6.94863428e-06 -6.76659257e-14 -3.00522516e-11 -6.04284530e-05 -1.41606611e-06 -5.69056194e-12  8.36639650e-09  4.54274722e-10 -3.95673681e-14
 3.20000000e+00  1.00000000e-02  0.00000000e+00  2.78262727e-05  2.46443281e-06 -2.70577202e-06  6.46172005e-12  9.90261916e-07  3.80131715e-05  5.17466328e-07  1.89373947e-07  1.38478523e-05  8.69446670e-08  3.65552033e-12
 3.20000000e+00  1.00000000e-02  1.00000000e+00 -3.43600664e-05 -4.70842240e-06  5.16949927e-06 -4.33316349e-14 -2.78536100e-11 -4.69388933e-05 -9.88635274e-07 -5.03943740e-12  6.22357851e-09  3.03425352e-10 -2.32059891e-14
 3.30000000e+00  1.00000000e-02  0.00000000e+00  2.17970325e-05  1.83347284e-06 -1.96526281e-06  5.04929432e-12  7.02186275e-07  2.91339583e-05  3.53399577e-07  1.26261486e-07  1.03841506e-05  5.45120786e-08  2.81863421e-12
 3.30000000e+00  1.00000000e-02  1.00000000e+00 -2.75160485e-05 -3.63703240e-06  3.89845185e-06 -2.84106184e-14 -2.44724809e-11 -3.67779841e-05 -7.01024831e-07 -4.20641162e-12  4.68473539e-09  2.06550634e-10 -1.39964684e-14
 3.40000000e+00  1.00000000e-02  0.00000000e+00  1.72121262e-05  1.38213813e-06 -1.44687452e-06  3.97548661e-12  5.04890016e-07  2.25077849e-05  2.45092626e-07  8.55189151e-08  7.84874958e-06  3.47852420e-08  2.20778951e-12
 3.40000000e+00  1.00000000e-02  1.00000000e+00 -2.22111288e-05 -2.84249729e-06  2.97562608e-06 -1.90154834e-14 -2.08908649e-11 -2.90448102e-05 -5.04048630e-07 -3.40511568e-12  3.56361558e-09  1.42981523e-10 -8.65295766e-15
 3.50000000e+00  1.00000000e-02  0.00000000e+00  1.36920667e-05  1.05428855e-06 -1.07828838e-06  3.15214521e-12  3.67618915e-07  1.75176486e-05  1.72361968e-07  5.87573373e-08  5.97657294e-06  2.25566092e-08  1.75259807e-12
 3.50000000e+00  1.00000000e-02  1.00000000e+00 -1.80588023e-05 -2.24488282e-06  2.29597962e-06 -1.29612861e-14 -1.75402721e-11 -2.31044358e-05 -3.67001518e-07 -2.71035247e-12  2.73644089e-09  1.00464606e-10 -5.46738808e-15
 3.60000000e+00  1.00000000e-02  0.00000000e+00  1.09661892e-05  8.12849873e-07 -8.12540229e-07  2.51576537e-12  2.70749674e-07  1.37281967e-05  1.22763499e-07  4.09016239e-08  4.58290650e-06  1.48442783e-08  1.40731871e-12
 3.60000000e+00  1.00000000e-02  1.00000000e+00 -1.47801729e-05 -1.78971004e-06  1.78902405e-06 -8.97962328e-15 -1.45873018e-11 -1.85027735e-05 -2.70291376e-07 -2.13773249e-12  2.11935156e-09  7.15468683e-11 -3.52319170e-15
 3.70000000e+00  1.00000000e-02  0.00000000e+00  8.83862565e-06  6.32830249e-07 -6.18505281e-07  2.02038386e-12  2.01506581e-07  1.08282571e-05  8.84621425e-08  2.88164628e-08  3.53754734e-06  9.90279769e-09  1.14153131e-12
 3.70000000e+00  1.00000000e-02  1.00000000e+00 -1.21708192e-05 -1.43909282e-06  1.40651393e-06 -6.31298905e-15 -1.20664535e-11 -1.49105315e-05 -2.01162810e-07 -1.67829597e-12  1.65435560e-09  5.15782718e-11 -2.31089342e-15
 3.80000000e+00  1.00000000e-02  0.00000000e+00  7.16597469e-06  4.97088594e-07 -4.75196215e-07  1.63180580e-12  1.51426866e-07  8.59305186e-06  6.44336372e-08  2.05289990e-08  2.74782848e-06  6.69025857e-09  9.33475519e-13
 3.80000000e+00  1.00000000e-02  1.00000000e+00 -1.00790491e-05 -1.16624665e-06  1.11488154e-06 -4.49768142e-15 -9.95427811e-12 -1.20862382e-05 -1.51166532e-07 -1.31523778e-12  1.30077755e-09  3.75996624e-11 -1.54030678e-15
 3.90000000e+00  1.00000000e-02  0.00000000e+00  5.84210824e-06  3.93679282e-07 -3.68234362e-07  1.32560629e-12  1.14814846e-07  6.85859716e-06  4.74015531e-08  1.47767098e-08  2.14719341e-06  4.57341165e-09  7.68940467e-13
 3.90000000e+00  1.00000000e-02  1.00000000e+00 -8.39100423e-06 -9.51943859e-07  8.90414720e-07 -3.24352529e-15 -8.20422982e-12 -9.85096992e-06 -1.14615961e-07 -1.03078594e-12  1.02968676e-09  2.76920267e-11 -1.04193068e-15
 4.00000000e+00  1.00000000e-02  0.00000000e+00  4.78770329e-06  3.14154883e-07 -2.87624284e-07  1.08268949e-12  8.77809974e-08  5.50416220e-06  3.51961241e-08  1.07390513e-08  1.68742915e-06  3.16095794e-09  6.37934150e-13
 4.00000000e+00  1.00000000e-02  1.00000000e+00 -7.02032616e-06 -7.82186416e-07  7.16129171e-07 -2.36531423e-15 -6.76348342e-12 -8.07087404e-06 -8.76278205e-08 -8.08876070e-13  8.20238474e-10  2.05891030e-11 -7.14392061e-16
 4.10000000e+00  1.00000000e-02  0.00000000e+00  3.94296875e-06  2.52465356e-07 -2.26328064e-07  8.88400464e-13  6.76346954e-08  4.44014723e-06  2.63604564e-08  7.87522857e-09  1.33334303e-06  2.20741958e-09  5.32462963e-13
 4.10000000e+00  1.00000000e-02  1.00000000e+00 -5.90093971e-06 -6.46661827e-07  5.79713392e-07 -1.74272550e-15 -5.58172197e-12 -6.64499137e-06 -6.75158298e-08 -6.36074327e-13  6.57265452e-10  1.54433132e-11 -4.95983282e-16
 4.20000000e+00  1.00000000e-02  0.00000000e+00  3.26245647e-06  2.04223956e-07 -1.79328919e-07  7.32969241e-13  5.24916011e-08  3.59952731e-06  1.99034367e-08  5.82408738e-09  1.05905099e-06  1.55659419e-09  4.46309656e-13
 4.20000000e+00  1.00000000e-02  1.00000000e+00 -4.98184298e-06 -5.37682478e-07  4.72138224e-07 -1.29631283e-15 -4.61392317e-12 -5.49654658e-06 -5.23987103e-08 -5.01511223e-13  5.29609642e-10  1.16789087e-11 -3.48354386e-16
 4.30000000e+00  1.00000000e-02  0.00000000e+00  2.71137057e-06  1.66215704e-07 -1.43011820e-07  6.07069950e-13  4.10174854e-08  2.93181343e-06  1.51428128e-08  4.34153490e-09  8.45385121e-07  1.10778098e-09  3.76143561e-13
 4.30000000e+00  1.00000000e-02  1.00000000e+00 -4.22337815e-06 -4.49460208e-07  3.86714910e-07 -9.72842169e-16 -3.82160642e-12 -4.56674195e-06 -4.09444142e-08 -3.96607301e-13  4.28994070e-10  8.90006083e-12 -2.47313887e-16
 4.40000000e+00  1.00000000e-02  0.00000000e+00  2.26288280e-06  1.36060092e-07 -1.14744801e-07  5.05151476e-13  3.22577380e-08  2.39871287e-06  1.16036737e-08  3.26071901e-09  6.78055833e-07  7.95255861e-10  3.18411963e-13
 4.40000000e+00  1.00000000e-02  1.00000000e+00 -3.59448498e-06 -3.77594633e-07  3.18440300e-07 -7.36156798e-16 -3.17255886e-12 -3.81023572e-06 -3.21999007e-08 -3.14667308e-13  3.49225378e-10  6.83135629e-12 -1.77350604e-16
 4.50000000e+00  1.00000000e-02  0.00000000e+00  1.89617536e-06  1.11978036e-07 -9.25934916e-08  4.21884749e-13  2.55227912e-08  1.97099965e-06  8.95201235e-09  2.46638348e-09  5.46343473e-07  5.75627324e-10  2.70228284e-13
 4.50000000e+00  1.00000000e-02  1.00000000e+00 -3.07067909e-06 -3.18711414e-07  2.63539289e-07 -5.61390184e-16 -2.64023383e-12 -3.19184183e-06 -2.54767445e-08 -2.50508196e-13  2.85634484e-10  5.27912240e-12 -1.28381634e-16
 2.00001000e+00  1.00000000e-01  0.00000000e+00  1.50284981e+03  3.85149169e-01 -6.09271313e-01  1.51565561e-04  3.24047780e-01  2.25437406e+03  2.65460541e-01  1.38719807e-01  9.01789693e+02  1.48259390e-01  1.66212655e-04
 2.00001000e+00  1.00000000e-01  1.00000000e+00 -1.50285156e+03 -3.90295452e-01  6.17055439e-01 -1.52250099e-04  7.22028130e-03 -2.25437673e+03 -2.68701171e-01  5.68591487e-03  9.01357925e+01  2.28064272e-02 -1.69735721e-04
 2.00002000e+00  1.00000000e-01  0.00000000e+00  7.51517203e+02  3.55713092e-01 -5.62307602e-01  1.51335410e-04  2.98849005e-01  1.12736812e+03  2.44788807e-01  1.27837637e-01  4.50984507e+02  1.36512191e-01  1.65982124e-04
 2.00002000e+00  1.00000000e-01  1.00000000e+00 -7.51518957e+02 -3.60859374e-01  5.70091729e-01 -1.52019948e-04  6.59090295e-03 -1.12737079e+03 -2.48029437e-01  5.19946256e-03  4.50583670e+01  2.09112968e-02 -1.69505190e-04
 2.00005000e+00  1.00000000e-01  0.00000000e+00  3.00704791e+02  3.16807702e-01 -5.00239121e-01  1.50701822e-04  2.65547447e-01  4.51140222e+02  2.17466417e-01  1.13454993e-01  1.80489633e+02  1.20985259e-01  1.65347489e-04
 2.00005000e+00  1.00000000e-01  1.00000000e+00 -3.00706545e+02 -3.21953985e-01  5.08023247e-01 -1.51386360e-04  5.75999106e-03 -4.51142888e+02 -2.20707048e-01  4.55707911e-03  1.80129678e+01  1.84082461e-02 -1.68870555e-04
 2.00010000e+00  1.00000000e-01  0.00000000e+00  1.50424040e+02  2.87387280e-01 -4.53307143e-01  1.49733959e-04  2.40369753e-01  2.25712079e+02  1.96803993e-01  1.02579100e-01  9.03155689e+01  1.09242586e-01  1.64378026e-04
 2.00010000e+00  1.00000000e-01  1.00000000e+00 -1.50425794e+02 -2.92533562e-01  4.61091269e-01 -1.50418497e-04  5.13303417e-03 -2.25714745e+02 -2.00044623e-01  4.07213095e-03  8.99865328e+00  1.65179887e-02 -1.67901092e-04
 2.00020000e+00  1.00000000e-01  0.00000000e+00  7.52747848e+01  2.57984054e-01 -4.06410022e-01  1.47955767e-04  2.15215214e-01  1.12981193e+02  1.76151794e-01  9.17101045e-02  4.52204125e+01  9.75048829e-02  1.62596895e-04
 2.00020000e+00  1.00000000e-01  1.00000000e+00 -7.52765387e+01 -2.63130336e-01  4.14194148e-01 -1.48640305e-04  4.50873711e-03 -1.12983860e+02 -1.79392424e-01  3.58883502e-03  4.49222824e+00  1.46330839e-02 -1.66119960e-04
 2.00050000e+00  1.00000000e-01  0.00000000e+00  3.01724475e+01  2.19166359e-01 -3.44519294e-01  1.43189829e-04  1.82031743e-01  4.53184666e+01  1.48881550e-01  7.73626290e-02  1.81516316e+01  8.20032991e-02  1.57823079e-04
 2.00050000e+00  1.00000000e-01  1.00000000e+00 -3.01742014e+01 -2.24312642e-01  3.52303421e-01 -1.43874367e-04  3.69138925e-03 -4.53211330e+01 -1.52122180e-01  2.95487720e-03  1.78943193e+00  1.21573296e-02 -1.61346145e-04
 2.00100000e+00  1.00000000e-01  0.00000000e+00  1.51284816e+01  1.89875265e-01 -2.97849460e-01  1.36127774e-04  1.57028196e-01  2.27455955e+01  1.28296027e-01  6.65386016e-02  9.11971130e+00  7.02980074e-02  1.50749352e-04
 2.00100000e+00  1.00000000e-01  1.00000000e+00 -1.51302355e+01 -1.95021547e-01  3.05633586e-01 -1.36812313e-04  3.08443594e-03 -2.27482620e+01 -1.31536658e-01  2.48235477e-03  8.89322243e-01  1.03073275e-02 -1.54272418e-04
 2.00200000e+00  1.00000000e-01  0.00000000e+00  7.59780137e+00  1.60866310e-01 -2.51691637e-01  1.25265453e-04  1.32332988e-01  1.14427146e+01  1.07953673e-01  5.58530967e-02  4.59580985e+00  5.87505151e-02  1.40131674e-04
 2.00200000e+00  1.00000000e-01  1.00000000e+00 -7.59954301e+00 -1.65957961e-01  2.59400160e-01 -1.25389032e-04  2.49660927e-03 -1.14453625e+01 -1.11166754e-01  2.02272383e-03  4.40001778e-01  8.49766736e-03 -1.43265520e-04
 2.00500000e+00  1.00000000e-01  0.00000000e+00  3.06709075e+00  1.23119726e-01 -1.91793322e-01  9.83296229e-05  1.00378207e-01  4.63777890e+00  8.15441453e-02  4.20101762e-02  1.87027559e+00  4.37842865e-02  1.13910473e-04
 2.00500000e+00  1.00000000e-01  1.00000000e+00 -3.06879522e+00 -1.28048777e-01  1.99277190e-01 -9.67920894e-05  1.77185071e-03 -4.64037094e+00 -8.46758842e-02  1.44929873e-03  1.71475291e-01  6.21373675e-03 -1.15912573e-04
 2.01000000e+00  1.00000000e-01  0.00000000e+00  1.54768206e+00  9.54353383e-02 -1.48085490e-01  6.21321924e-05  7.71858010e-02  2.35221273e+00  6.22791732e-02  3.19518286e-02  9.53451129e-01  3.29098974e-02  7.88253770e-05
 2.01000000e+00  1.00000000e-01  1.00000000e+00 -1.54932366e+00 -1.00097632e-01  1.55202004e-01 -5.78976362e-05  1.29310478e-03 -2.35471027e+00 -6.52796027e-02  1.06140379e-03  8.27959531e-02  4.63071085e-03 -7.90581309e-05
 2.02000000e+00  1.00000000e-01  0.00000000e+00  7.80316624e-01  6.91360826e-02 -1.06901769e-01  5.06546653e-06  5.55195055e-02  1.19506809e+00  4.41745348e-02  2.25570307e-02  4.88126901e-01  2.27671574e-02  2.36768739e-05
 2.02000000e+00  1.00000000e-01  1.00000000e+00 -7.81829090e-01 -7.32803373e-02  1.13309332e-01  4.30280405e-06  9.13758431e-04 -1.19737168e+00 -4.69277207e-02  7.40084765e-04  3.92001362e-02  3.25599610e-03 -2.07889147e-05
 2.02500000e+00  1.00000000e-01  0.00000000e+00  6.25061507e-01  6.16436840e-02 -9.43561505e-02  7.08391773e-05  4.84955711e-02  9.59577188e-01  3.86660355e-02  1.96020449e-02  3.92924790e-01  1.97088147e-02  7.36606311e-05
 2.02500000e+00  1.00000000e-01  1.00000000e+00 -6.26886193e-01 -6.62944317e-02  1.01334601e-01 -6.98267634e-05  6.50599951e-04 -9.62394779e-01 -4.14720886e-02  5.59946825e-04  3.03731618e-02  2.62886398e-03 -7.33915579e-05
 2.05000000e+00  1.00000000e-01  0.00000000e+00  3.10504246e-01  3.91477159e-02 -5.91412139e-02  4.52092128e-05  2.99851783e-02  4.81690402e-01  2.33742247e-02  1.16997318e-02  1.99315537e-01  1.13525387e-02  4.97485815e-05
 2.05000000e+00  1.00000000e-01  1.00000000e+00 -3.12382487e-01 -4.33140508e-02  6.53436008e-02 -4.27008823e-05  3.32163232e-04 -4.84606328e-01 -2.57907821e-02  2.95956959e-04  1.36088713e-02  1.48945307e-03 -4.83674953e-05
 2.10000000e+00  1.00000000e-01  0.00000000e+00  1.48229959e-01  2.10886049e-02 -3.11934425e-02  2.35977451e-05  1.54744804e-02  2.32513145e-01  1.15656257e-02  5.66993376e-03  9.72783361e-02  5.17078779e-03  2.61188469e-05
 2.10000000e+00  1.00000000e-01  1.00000000e+00 -1.50175480e-01 -2.44576985e-02  3.61288647e-02 -1.95932418e-05  1.29915432e-04 -2.35556904e-01 -1.33752451e-02  1.22435911e-04  5.70051371e-03  6.81916723e-04 -2.30256955e-05
 2.20000000e+00  1.00000000e-01  0.00000000e+00  6.43213728e-02  8.84787443e-03 -1.26194852e-02  1.01993840e-05  6.03211434e-03  1.01392468e-01  4.17505041e-03  1.97409122e-03  4.26282176e-02  1.61500719e-03  1.02475788e-05
 2.20000000e+00  1.00000000e-01  1.00000000e+00 -6.62649559e-02 -1.11108013e-02  1.58277124e-02 -5.92388839e-06  3.32925316e-05 -1.04447516e-01 -5.22558364e-03  3.52654059e-05  2.11552519e-03  2.25337131e-04 -6.61101336e-06
 2.30000000e+00  1.00000000e-01  0.00000000e+00  3.62309410e-02  4.52449772e-03 -6.23970055e-03  5.82883044e-06  2.88357669e-03  5.67335235e-02  1.86041067e-03  8.50437452e-04  2.36938799e-02  6.31821775e-04  5.16606471e-06
 2.30000000e+00  1.00000000e-01  1.00000000e+00 -3.80590213e-02 -6.09137059e-03  8.38992188e-03 -2.29478128e-06  1.08458196e-05 -5.95902257e-02 -2.49478472e-03  1.35223807e-05  1.07432904e-03  9.52917978e-05 -2.31853948e-06
 2.40000000e+00  1.00000000e-01  0.00000000e+00  2.26833240e-02  2.56353611e-03 -3.42323984e-03  3.75949465e-06  1.53234233e-03  3.50561286e-02  9.26021599e-04  4.09529407e-04  1.44499378e-02  2.79192799e-04  2.95690515e-06
 2.40000000e+00  1.00000000e-01  1.00000000e+00 -2.43417515e-02 -3.67642123e-03  4.90242481e-03 -1.02748108e-06  3.72263620e-06 -3.76151117e-02 -1.32182698e-03  6.00722826e-06  6.21300068e-04  4.58495806e-05 -9.27841914e-07
 2.50000000e+00  1.00000000e-01  0.00000000e+00  1.50592323e-02  1.55273251e-03 -2.00966660e-03  2.57569666e-06  8.72518098e-04  2.28774742e-02  4.95876714e-04  2.12143263e-04  9.27007253e-03  1.34217667e-04  1.82763507e-06
 2.50000000e+00  1.00000000e-01  1.00000000e+00 -1.65299450e-02 -2.36040689e-03  3.05017458e-03 -5.07199787e-07  1.14076181e-06 -2.51085427e-02 -7.49720433e-04  2.93214059e-06  3.86457633e-04  2.40001268e-05 -4.08783378e-07
 2.60000000e+00  1.00000000e-01  0.00000000e+00  1.03878648e-02  9.87110556e-04 -1.23925597e-03  1.82761919e-06  5.22409748e-04  1.54720307e-02  2.80214824e-04  1.15895597e-04  6.14725009e-03  6.89585118e-05  1.19306334e-06
 2.60000000e+00  1.00000000e-01  1.00000000e+00 -1.16731569e-02 -1.58422143e-03  1.98538520e-03 -2.68818594e-07  1.61797777e-07 -1.73835633e-02 -4.46888634e-04  1.53104376e-06  2.52084110e-04  1.33529552e-05 -1.93921124e-07
 2.70000000e+00  1.00000000e-01  0.00000000e+00  7.36665558e-03  6.51414903e-04 -7.93804889e-04  1.32748599e-06  3.25213582e-04  1.07390516e-02  1.65175826e-04  6.59753381e-05  4.17669927e-03  3.75123780e-05  8.12948936e-07
 2.70000000e+00  1.00000000e-01  1.00000000e+00 -8.47929014e-03 -1.09999511e-03  1.33786889e-03 -1.50472133e-07 -1.96333353e-07 -1.23583813e-02 -2.76871539e-04  8.41980779e-07  1.70137111e-04  7.78616222e-06 -9.75897635e-08
 2.80000000e+00  1.00000000e-01  0.00000000e+00  5.33736464e-03  4.43004812e-04 -5.24315420e-04  9.81125938e-07  2.08938548e-04  7.60705944e-03  1.00790633e-04  3.88223116e-05  2.89302745e-03  2.14937734e-05  5.73826555e-07
 2.80000000e+00  1.00000000e-01  1.00000000e+00 -6.29471409e-03 -7.84775738e-04  9.26925140e-04 -8.79805467e-08 -3.03829611e-07 -8.96896443e-03 -1.76999519e-04  4.82784423e-07  1.17869384e-04  4.71437361e-06 -5.15568977e-08
 2.90000000e+00  1.00000000e-01  0.00000000e+00  3.93512172e-03  3.08878217e-04 -3.55263746e-04  7.35342237e-07  1.37812608e-04  5.47952101e-03  6.33246198e-05  2.34778555e-05  2.03638373e-03  1.29306604e-05  4.17156173e-07
 2.90000000e+00  1.00000000e-01  1.00000000e+00 -4.75580764e-03 -5.72537131e-04  6.57125557e-04 -5.33191135e-08 -3.10649289e-07 -6.61985092e-03 -1.16158331e-04  2.86625180e-07  8.33911694e-05  2.94475200e-06 -2.83723498e-08
 3.00000000e+00  1.00000000e-01  0.00000000e+00  2.94422577e-03  2.19962027e-04 -2.45997982e-04  5.57695769e-07  9.29619019e-05  4.00384908e-03  4.08015577e-05  1.45282827e-05  1.45350071e-03  8.14749193e-06  3.10845826e-07
 3.00000000e+00  1.00000000e-01  1.00000000e+00 -3.64632119e-03 -4.25640274e-04  4.74999573e-04 -3.33023945e-08 -2.79995791e-07 -4.95630539e-03 -7.79587499e-05  1.75296853e-07  6.00387672e-05  1.88852247e-06 -1.61686348e-08
 3.10000000e+00  1.00000000e-01  0.00000000e+00  2.23101344e-03  1.59525699e-04 -1.73567246e-04  4.27382526e-07  6.39420083e-05  2.96244495e-03  2.68789249e-05  9.16743669e-06  1.05035958e-03  5.36277838e-06  2.36468685e-07
 3.10000000e+00  1.00000000e-01  1.00000000e+00 -2.83114259e-03 -3.21592744e-04  3.49152796e-04 -2.13448452e-08 -2.38723314e-07 -3.75714440e-03 -5.33521718e-05  1.10014422e-07  4.38773891e-05  1.23898695e-06 -9.49776084e-09
 3.20000000e+00  1.00000000e-01  0.00000000e+00  1.70961551e-03  1.17556414e-04 -1.24498317e-04  3.30586898e-07  4.47430403e-05  2.21653218e-03  1.80609138e-05  5.88202617e-06  7.67550834e-04  3.67565366e-06  1.83028583e-07
 3.20000000e+00  1.00000000e-01  1.00000000e+00 -2.22259171e-03 -2.46428415e-04  2.60438677e-04 -1.39919628e-08 -1.97901789e-07 -2.87958398e-03 -3.71462826e-05  7.06345909e-08  3.24883291e-05  8.29183709e-07 -5.72981696e-09
 3.30000000e+00  1.00000000e-01  0.00000000e+00  1.32327006e-03  8.78615970e-05 -9.06186197e-05  2.57896726e-07  3.17915513e-05  1.67527571e-03  1.23545060e-05  3.82827974e-06  5.66640893e-04  2.61327177e-06  1.43736231e-07
 3.30000000e+00  1.00000000e-01  1.00000000e+00 -1.76203003e-03 -1.91194037e-04  1.96804559e-04 -9.35560672e-09 -1.61640489e-07 -2.22888335e-03 -2.62633274e-05  4.62816916e-08  2.43364446e-05  5.64793221e-07 -3.53941080e-09
 3.40000000e+00  1.00000000e-01  0.00000000e+00  1.03357039e-03  6.65024329e-05 -6.68302290e-05  2.02771590e-07  2.29023169e-05  1.27794025e-03  8.58984416e-06  2.52206756e-06  4.22278406e-04  1.91891918e-06  1.14267338e-07
 3.40000000e+00  1.00000000e-01  1.00000000e+00 -1.40926440e-03 -1.49992333e-04  1.50456465e-04 -6.36694025e-09 -1.31007730e-07 -1.74075096e-03 -1.88275095e-05  3.08847730e-08  1.84214988e-05  3.90823471e-07 -2.23316476e-09
 3.50000000e+00  1.00000000e-01  0.00000000e+00  8.14015205e-04  5.09119165e-05 -4.98749592e-05  1.60592850e-07  1.67060141e-05  9.83178386e-04  6.06248222e-06  1.67859900e-06  3.17461561e-04  1.44876150e-06  9.17872207e-08
 3.50000000e+00  1.00000000e-01  1.00000000e+00 -1.13617041e-03 -1.18846956e-04  1.16235779e-04 -4.40227379e-09 -1.05801517e-07 -1.37072513e-03 -1.36675427e-05  2.09548534e-08  1.40772355e-05  2.74320773e-07 -1.43615381e-09
 3.60000000e+00  1.00000000e-01  0.00000000e+00  6.46010037e-04  3.93811325e-05 -3.76256882e-05  1.28054255e-07  1.23260049e-05  7.62402067e-04  4.33851511e-06  1.12663142e-06  2.40622244e-04  1.11974855e-06  7.43874953e-08
 3.60000000e+00  1.00000000e-01  1.00000000e+00 -9.22720777e-04 -9.50218034e-05  9.06584180e-05 -3.08787258e-09 -8.53581917e-08 -1.08755650e-03 -1.00362722e-05  1.44344718e-08  1.08515391e-05  1.95058604e-07 -9.39753830e-10
 3.70000000e+00  1.00000000e-01  0.00000000e+00  5.16315041e-04  3.07506342e-05 -2.86670942e-05  1.02760767e-07  9.19020731e-06  5.95571502e-04  3.14519239e-06  7.61171051e-07  1.83786736e-04  8.82502470e-07  6.07514956e-08
 3.70000000e+00  1.00000000e-01  1.00000000e+00 -7.54433405e-04 -7.65998344e-05  7.13284820e-05 -2.19444728e-09 -6.89059789e-08 -8.68966091e-04 -7.44792609e-06  1.00821270e-08  8.43247387e-06  1.40353686e-07 -6.24743862e-10
 3.80000000e+00  1.00000000e-01  0.00000000e+00  4.15380454e-04  2.42204062e-05 -2.20414060e-05  8.29589810e-08  6.91884297e-06  4.68466422e-04  2.30788725e-06  5.16712099e-07  1.41394410e-04  7.06806803e-07  4.99502795e-08
 3.80000000e+00  1.00000000e-01  1.00000000e+00 -6.20694711e-04 -6.22162987e-05  5.65719088e-05 -1.57834025e-09 -5.57161012e-08 -6.98869186e-04 -5.58122267e-06  7.13292295e-09  6.60172716e-06  1.02099902e-07 -4.21403566e-10
 3.90000000e+00  1.00000000e-01  0.00000000e+00  3.36237552e-04  1.92299693e-05 -1.70904848e-05  6.73528573e-08  5.25584741e-06  3.70883364e-04  1.71290746e-06  3.51739665e-07  1.09525651e-04  5.73635542e-07  4.13151025e-08
 3.90000000e+00  1.00000000e-01  1.00000000e+00 -5.13632260e-04 -5.08855681e-05  4.52020455e-05 -1.14782501e-09 -4.51558180e-08 -5.65520371e-04 -4.22034841e-06  5.10662029e-09  5.20452205e-06  7.50263713e-08 -2.88079466e-10
 4.00000000e+00  1.00000000e-01  0.00000000e+00  2.73747094e-04  1.53811879e-05 -1.33557396e-05  5.49759516e-08  4.02610558e-06  2.95426168e-04  1.28508576e-06  2.39567963e-07  8.53900524e-05  4.70666393e-07  3.43557849e-08
 4.00000000e+00  1.00000000e-01  1.00000000e+00 -4.27343176e-04 -4.18864903e-05  3.63666752e-05 -8.43319412e-10 -3.66984294e-08 -4.60253699e-04 -3.21826804e-06  3.69645173e-09  4.12983016e-06  5.56515951e-08 -1.99392441e-10
 4.10000000e+00  1.00000000e-01  0.00000000e+00  2.24082525e-04  1.23876762e-05 -1.05135475e-05  4.51016939e-08  3.10830227e-06  2.36683308e-04  9.74015490e-07  1.62821912e-07  6.69827568e-05  3.89695428e-07  2.87072404e-08
 4.10000000e+00  1.00000000e-01  1.00000000e+00 -3.57357934e-04 -3.46851998e-05  2.94464889e-05 -6.25510704e-10 -2.99161576e-08 -3.76614778e-04 -2.47349656e-06  2.70331426e-09  3.29716687e-06  4.16429103e-08 -1.39607200e-10
 4.20000000e+00  1.00000000e-01  0.00000000e+00  1.84369203e-04  1.00410271e-05 -8.33283576e-06  3.71796780e-08  2.41737956e-06  1.90660632e-04  7.45445658e-07  1.10055934e-07  5.28507886e-05  3.25113026e-07  2.40936882e-08
 4.20000000e+00  1.00000000e-01  1.00000000e+00 -3.00261574e-04 -2.88821654e-05  2.39864801e-05 -4.68084620e-10 -2.44660080e-08 -3.09754032e-04 -1.91514331e-06  1.99607608e-09  2.64760845e-06  3.14166039e-08 -9.88025286e-11
 4.30000000e+00  1.00000000e-01  0.00000000e+00  1.52429872e-04  8.18796310e-06 -6.64682951e-06  3.07899619e-08  1.89303889e-06  1.54386171e-04  5.75815362e-07  7.36501931e-08  4.19325808e-05  2.72985068e-07  2.03042057e-08
 4.30000000e+00  1.00000000e-01  1.00000000e+00 -2.53423304e-04 -2.41754308e-05  1.96490044e-05 -3.53192970e-10 -2.00752587e-08 -2.55998154e-04 -1.49313652e-06  1.48718434e-09  2.13763038e-06  2.38843230e-08 -7.06294527e-11
 4.40000000e+00  1.00000000e-01  0.00000000e+00  1.26602804e-04  6.71463508e-06 -5.33394749e-06  2.56099810e-08  1.49209139e-06  1.25631626e-04  4.48729649e-07  4.84827707e-08  3.34465655e-05  2.30486514e-07  1.71756984e-08
 4.40000000e+00  1.00000000e-01  1.00000000e+00 -2.14800805e-04 -2.03346838e-05  1.61811690e-05 -2.68580599e-10 -1.65279153e-08 -2.12543658e-04 -1.17174216e-06  1.11743695e-09  1.73481104e-06  1.82896311e-08 -5.09668637e-11
 4.50000000e+00  1.00000000e-01  0.00000000e+00  1.05610663e-04  5.53570473e-06 -4.30472711e-06  2.13903859e-08  1.18330506e-06  1.02714286e-04  3.52655946e-07  3.10806515e-08  2.68131377e-05  1.95544358e-07  1.45808385e-08
 4.50000000e+00  1.00000000e-01  1.00000000e+00 -1.82797286e-04 -1.71827704e-05  1.33919244e-05 -2.05736390e-10 -1.36532530e-08 -1.77235739e-04 -9.25211571e-07  8.46324373e-10  1.41481086e-06  1.41012323e-08 -3.71047786e-11
 2.00001000e+00  1.00000000e+00  0.00000000e+00  2.50013619e+04  1.52595594e+00 -2.26722674e+00  3.59606713e-02  1.84902297e+00  3.75021342e+04  1.13357090e+00  1.80297158e-01  1.50009018e+04  1.16908285e+00  2.11864285e-02
 2.00001000e+00  1.00000000e+00  1.00000000e+00 -2.50013588e+04 -1.52134920e+00  2.27067414e+00 -2.34549076e-02  4.17003652e-01 -3.75021190e+04 -1.11531874e+00  9.28216407e-01  1.50008743e+04  1.77605419e-01 -9.71477622e-03
 2.00002000e+00  1.00000000e+00  0.00000000e+00  1.25012060e+04  1.41043141e+00 -2.09395261e+00  3.59480130e-02  1.71041257e+00  1.87519003e+04  1.04693384e+00  1.62975416e-01  7.50080827e+03  1.08590749e+00  2.11788335e-02
 2.00002000e+00  1.00000000e+00  1.00000000e+00 -1.25012028e+04 -1.40582467e+00  2.09740000e+00 -2.34422493e-02  3.82352571e-01 -1.87518851e+04 -1.02868167e+00  8.58907411e-01  7.50078071e+03  1.56824492e-01 -9.70718124e-03
 2.00005000e+00  1.00000000e+00  0.00000000e+00  5.00099980e+03  1.25771629e+00 -1.86491477e+00  3.59131657e-02  1.52720683e+00  7.50159108e+03  9.32414918e-01  1.40087244e-01  3.00068460e+03  9.75958963e-01  2.11579251e-02
 2.00005000e+00  1.00000000e+00  1.00000000e+00 -5.00099665e+03 -1.25310955e+00  1.86836217e+00 -2.34074019e-02  3.36555319e-01 -7.50157593e+03 -9.14162754e-01  7.67294088e-01  3.00065706e+03  1.29372904e-01 -9.68627283e-03
 2.00010000e+00  1.00000000e+00  0.00000000e+00  2.50084386e+03  1.14219176e+00 -1.69168121e+00  3.58599332e-02  1.38865746e+00  3.75135723e+03  8.45798136e-01  1.22787736e-01  1.50059108e+03  8.92791011e-01  2.11259856e-02
 2.00010000e+00  1.00000000e+00  1.00000000e+00 -2.50084070e+03 -1.13758502e+00  1.69512860e+00 -2.33541695e-02  3.01924363e-01 -3.75134208e+03 -8.27545973e-01  6.98003431e-01  1.50056356e+03  1.08635213e-01 -9.65433336e-03
 2.00020000e+00  1.00000000e+00  0.00000000e+00  1.25068792e+03  1.02666723e+00 -1.51849221e+00  3.57621326e-02  1.25017511e+00  1.87612346e+03  7.59203639e-01  1.05512651e-01  7.50497606e+02  8.09631188e-01  2.10673053e-02
 2.00020000e+00  1.00000000e+00  1.00000000e+00 -1.25068477e+03 -1.02206049e+00  1.52193961e+00 -2.32563689e-02  2.67315513e-01 -1.87610831e+03 -7.40951476e-01  6.28732919e-01  7.50470118e+02  8.79450137e-02 -9.59565301e-03
 2.00050000e+00  1.00000000e+00  0.00000000e+00  5.00481809e+02  8.73952109e-01 -1.28968166e+00  3.55000061e-02  1.06731120e+00  7.50814649e+02  6.44798361e-01  8.27490279e-02  3.00374171e+02  6.99724112e-01  2.09100293e-02
 2.00050000e+00  1.00000000e+00  1.00000000e+00 -5.00478657e+02 -8.69345364e-01  1.29312905e+00 -2.29942423e-02  2.21630992e-01 -7.50799497e+02 -6.26546198e-01  5.37222327e-01  3.00346788e+02  6.07356139e-02 -9.43837707e-03
 2.00100000e+00  1.00000000e+00  0.00000000e+00  2.50325935e+02  7.58427579e-01 -1.11678327e+00  3.51115930e-02  9.29265942e-01  3.75581361e+02  5.58349170e-01  6.56331987e-02  1.50280988e+02  6.16617297e-01  2.06769815e-02
 2.00100000e+00  1.00000000e+00  1.00000000e+00 -2.50322782e+02 -7.53820834e-01  1.12023067e+00 -2.26058293e-02  1.87166285e-01 -3.75566209e+02 -5.40097007e-01  4.68083172e-01  1.50253761e+02  4.03550913e-02 -9.20532926e-03
 2.00200000e+00  1.00000000e+00  0.00000000e+00  1.25171997e+02  6.43955712e-01 -9.45409064e-01  3.44695253e-02  7.92229066e-01  1.87850448e+02  4.72702280e-01  4.88914628e-02  7.51885971e+01  5.33925210e-01  2.02823939e-02
 2.00200000e+00  1.00000000e+00  1.00000000e+00 -1.25168904e+02 -6.39443283e-01  9.48995237e-01 -2.21115399e-02  1.53289640e-01 -1.87835366e+02 -4.54538171e-01  3.99510729e-01  7.51616266e+01  2.06379079e-02 -8.94858946e-03
 2.00500000e+00  1.00000000e+00  0.00000000e+00  4.99718174e+01  4.94367057e-01 -7.21722368e-01  3.28550416e-02  6.13260882e-01  7.50497553e+01  3.60976568e-01  2.75648185e-02  3.00681398e+01  4.25357629e-01  1.92856382e-02
 2.00500000e+00  1.00000000e+00  1.00000000e+00 -4.99688999e+01 -4.90137337e-01  7.25724687e-01 -2.09389172e-02  1.09647135e-01 -7.50348833e+01 -3.43075744e-01  3.09956354e-01  3.00418187e+01 -3.96753646e-03 -8.36314773e-03
 2.01000000e+00  1.00000000e+00  0.00000000e+00  2.48256969e+01  3.83950593e-01 -5.56800497e-01  3.06454844e-02  4.80995954e-01  3.73292776e+01  2.78701941e-01  1.25762733e-02  1.49794981e+01  3.44363519e-01  1.79130593e-02
 2.01000000e+00  1.00000000e+00  1.00000000e+00 -2.48230728e+01 -3.80191269e-01  5.61495769e-01 -1.94609095e-02  7.83206943e-02 -3.73147567e+01 -2.61237009e-01  2.43845284e-01  1.49540773e+01 -2.05222600e-02 -7.66872576e-03
 2.02000000e+00  1.00000000e+00  0.00000000e+00  1.21890903e+01  2.78273956e-01 -3.98921853e-01  2.70803767e-02  3.53589623e-01  1.83708354e+01  2.00100708e-01 -6.49083051e-04  7.39497888e+00  2.65251293e-01  1.56801401e-02
 2.02000000e+00  1.00000000e+00  1.00000000e+00 -1.21870524e+01 -2.75452461e-01  4.05000557e-01 -1.73407879e-02  4.97212391e-02 -1.83570199e+01 -1.83496700e-01  1.80419917e-01  7.37105394e+00 -3.39371890e-02 -6.76498072e-03
 2.02500000e+00  1.00000000e+00  0.00000000e+00  9.65141448e+00  2.48602104e-01 -3.57555750e-01  2.72802704e-02  3.20460738e-01  1.45665763e+01  1.79983663e-01 -3.41004094e-03  5.87322383e+00  2.44074527e-01  1.58272697e-02
 2.02500000e+00  1.00000000e+00  1.00000000e+00 -9.64834392e+00 -2.44105987e-01  3.60582323e-01 -1.56797742e-02  4.11432730e-02 -1.45515521e+01 -1.62752040e-01  1.61690919e-01  5.84699130e+00 -3.65060393e-02 -5.28490668e-03
 2.05000000e+00  1.00000000e+00  0.00000000e+00  4.54523590e+00  1.57968729e-01 -2.24135134e-01  2.25710048e-02  2.10756416e-01  6.90064363e+00  1.14181860e-01 -1.16256631e-02  2.80361129e+00  1.73367343e-01  1.32052800e-02
 2.05000000e+00  1.00000000e+00  1.00000000e+00 -4.54218302e+00 -1.53667436e-01  2.26905019e-01 -1.19373281e-02  1.89410066e-02 -6.88568946e+00 -9.80043864e-02  1.05938877e-01  2.77843294e+00 -4.17578396e-02 -3.72521175e-03
 2.10000000e+00  1.00000000e+00  0.00000000e+00  1.98315138e+00  8.54886902e-02 -1.18083436e-01  1.65103075e-02  1.20166258e-01  3.04359512e+00  6.23977427e-02 -1.46797402e-02  1.25442304e+00  1.11681293e-01  9.75224554e-03
 2.10000000e+00  1.00000000e+00  1.00000000e+00 -1.98013816e+00 -8.15579316e-02  1.20419970e-01 -7.57599806e-03  4.34029087e-03 -3.02884737e+00 -4.81415964e-02  5.97021926e-02  1.23059627e+00 -3.84387035e-02 -1.96675607e-03
 2.20000000e+00  1.00000000e+00  0.00000000e+00  7.42450960e-01  3.69642531e-02 -4.77785486e-02  9.86608197e-03  5.53711231e-02  1.15986874e+00  2.83075739e-02 -1.22624589e-02  4.90460448e-01  6.25608034e-02  5.97113332e-03
 2.20000000e+00  1.00000000e+00  1.00000000e+00 -7.39534606e-01 -3.36962873e-02  4.94869745e-02 -3.55024322e-03 -1.69642043e-03 -1.14576910e+00 -1.72304728e-02  2.66307745e-02  4.68860333e-01 -2.65758716e-02 -6.12289211e-04
 2.30000000e+00  1.00000000e+00  0.00000000e+00  3.71617052e-01  1.99325668e-02 -2.36334244e-02  6.32573118e-03  3.06321094e-02  5.88354098e-01  1.63366047e-02 -9.13782509e-03  2.54367448e-01  4.05995490e-02  3.95051421e-03
 2.30000000e+00  1.00000000e+00  1.00000000e+00 -3.68820441e-01 -1.72249607e-02  2.49222409e-02 -1.83916514e-03 -2.12335714e-03 -5.75149053e-01 -7.70676143e-03  1.41403644e-02  2.35138730e-01 -1.76470916e-02 -1.98970280e-04
 2.40000000e+00  1.00000000e+00  0.00000000e+00  2.11762741e-01  1.21033320e-02 -1.29242095e-02  4.22412519e-03  1.85669211e-02  3.38587704e-01  1.06757225e-02 -6.72408760e-03  1.49185496e-01  2.81552796e-02  2.73116772e-03
 2.40000000e+00  1.00000000e+00  1.00000000e+00 -2.09106438e-01 -9.86210200e-03  1.39199938e-02 -1.01298753e-03 -1.70960901e-03 -3.26439898e-01 -3.92410732e-03  8.17405254e-03  1.32429475e-01 -1.17042383e-02 -6.18701286e-05
 2.50000000e+00  1.00000000e+00  0.00000000e+00  1.30590003e-01  7.94243441e-03 -7.51961620e-03  2.90278812e-03  1.19212826e-02  2.10268357e-01  7.51321163e-03 -4.97155931e-03  9.41179333e-02  2.02783549e-02  1.94379909e-03
 2.50000000e+00  1.00000000e+00  1.00000000e+00 -1.28090757e-01 -6.08564680e-03  8.30257960e-03 -5.83572579e-04 -1.25106875e-03 -1.99262937e-01 -2.20394823e-03  4.98165912e-03  7.97721960e-02 -7.81469634e-03 -1.56140579e-05
 2.60000000e+00  1.00000000e+00  0.00000000e+00  8.51305436e-02  5.50779417e-03 -4.56429628e-03  2.03996461e-03  7.97300344e-03  1.37706638e-01  5.54173060e-03 -3.70823172e-03  6.24143689e-02  1.49680291e-02  1.41271981e-03
 2.60000000e+00  1.00000000e+00  1.00000000e+00 -8.28002416e-02 -3.96630572e-03  5.18790024e-03 -3.48428711e-04 -8.88671488e-04 -1.27863078e-01 -1.34327716e-03  3.15186505e-03  5.02966031e-02 -5.26561108e-03 -6.85879809e-07
 2.70000000e+00  1.00000000e+00  0.00000000e+00  5.78889145e-02  3.97982004e-03 -2.85669131e-03  1.46047147e-03  5.50023555e-03  9.38792044e-02  4.21665450e-03 -2.79230688e-03  4.29455829e-02  1.12428563e-02  1.04353796e-03
 2.70000000e+00  1.00000000e+00  1.00000000e+00 -5.57340801e-02 -2.69642573e-03  3.35824665e-03 -2.14324036e-04 -6.26243382e-04 -8.51660581e-02 -8.77314700e-04  2.05240919e-03  3.28095627e-02 -3.58383574e-03  3.37583352e-06
 2.80000000e+00  1.00000000e+00  0.00000000e+00  4.07120761e-02  2.96804614e-03 -1.82943659e-03  1.06241421e-03  3.88925979e-03  6.60688666e-02  3.27821981e-03 -2.12215686e-03  3.04083853e-02  8.55833353e-03  7.81149181e-04
 2.80000000e+00  1.00000000e+00  1.00000000e+00 -3.87340041e-02 -1.89595674e-03  2.23597676e-03 -1.35245211e-04 -4.41778657e-04 -5.84193348e-02 -6.06667720e-04  1.36814644e-03  2.19872798e-02 -2.46453168e-03  3.82225549e-06
 2.90000000e+00  1.00000000e+00  0.00000000e+00  2.94356941e-02  2.26919811e-03 -1.19216539e-03  7.83778789e-04  2.80672504e-03  4.77217197e-02  2.58874799e-03 -1.62702955e-03  2.20325882e-02  6.58582159e-03  5.91422558e-04
 2.90000000e+00  1.00000000e+00  1.00000000e+00 -2.76311363e-02 -1.37037730e-03  1.52382228e-03 -8.72710881e-05 -3.13278183e-04 -4.10478312e-02 -4.39098933e-04  9.30268046e-04  1.50668385e-02 -1.71236927e-03  3.22454592e-06
 3.00000000e+00  1.00000000e+00  0.00000000e+00  2.17837697e-02  1.76987534e-03 -7.87146588e-04  5.85527865e-04  2.06073265e-03  3.52268181e-02  2.06873118e-03 -1.25772298e-03  1.62699196e-02  5.11483976e-03  4.52293143e-04
 3.00000000e+00  1.00000000e+00  1.00000000e+00 -2.01459230e-02 -1.01348179e-03  1.05924400e-03 -5.74405846e-05 -2.23764354e-04 -2.94308208e-02 -3.29255451e-04  6.43535561e-04  1.05225126e-02 -1.20185503e-03  2.46045256e-06
 3.10000000e+00  1.00000000e+00  0.00000000e+00  1.64447663e-02  1.40315440e-03 -5.24695381e-04  4.42421832e-04  1.53572071e-03  2.64882549e-02  1.66890578e-03 -9.79777039e-04  1.22083364e-02  4.00473532e-03  3.49039260e-04
 3.10000000e+00  1.00000000e+00  1.00000000e+00 -1.49643272e-02 -7.64191067e-04  7.49057624e-04 -3.84838090e-05 -1.61135296e-04 -2.14708432e-02 -2.53623966e-04  4.52047356e-04  7.47136496e-03 -8.51865989e-04  1.79609708e-06
 3.20000000e+00  1.00000000e+00  0.00000000e+00  1.26297550e-02  1.12764833e-03 -3.51932331e-04  3.37776460e-04  1.15952489e-03  2.02369965e-02  1.35698244e-03 -7.68813812e-04  9.28736015e-03  3.15856629e-03  2.71600778e-04
 3.20000000e+00  1.00000000e+00  1.00000000e+00 -1.12958741e-02 -5.85832096e-04  5.37793637e-04 -2.62006140e-05 -1.17027670e-04 -1.59026887e-02 -1.99376685e-04  3.21945021e-04  5.38322828e-03 -6.09543411e-04  1.28409516e-06
 3.30000000e+00  1.00000000e+00  0.00000000e+00  9.84679666e-03  9.16725956e-04 -2.36746514e-04  2.60351786e-04  8.85719126e-04  1.56770251e-02  1.11083854e-03 -6.07415294e-04  7.15031973e-03  2.50795925e-03  2.12972443e-04
 3.30000000e+00  1.00000000e+00  1.00000000e+00 -8.64786054e-03 -4.55564146e-04  3.91385987e-04 -1.81008265e-05 -8.57274057e-05 -1.19373009e-02 -1.59164179e-04  2.32184813e-04  3.93001345e-03 -4.40139868e-04  9.09661270e-07
 3.40000000e+00  1.00000000e+00  0.00000000e+00  7.77957045e-03  7.52659091e-04 -1.59155297e-04  2.02448731e-04  6.83673143e-04  1.22937436e-02  9.14788421e-04 -4.83010810e-04  5.56349264e-03  2.00382656e-03  1.68200656e-04
 3.40000000e+00  1.00000000e+00  1.00000000e+00 -6.70380118e-03 -3.58705084e-04  2.88348112e-04 -1.26738448e-05 -6.33331749e-05 -9.06858701e-03 -1.28576041e-04  1.69392433e-04  2.90348069e-03 -3.20600621e-04  6.42620973e-07
 3.50000000e+00  1.00000000e+00  0.00000000e+00  6.21919709e-03  6.23297644e-04 -1.06465904e-04  1.58714942e-04  5.32737979e-04  9.74570228e-03  7.57411620e-04 -3.86442539e-04  4.36986174e-03  1.61042504e-03  1.33736746e-04
 3.50000000e+00  1.00000000e+00  1.00000000e+00 -5.25507684e-03 -2.85554013e-04  2.14823693e-04 -8.98426923e-06 -4.71773842e-05 -6.96406819e-03 -1.04836576e-04  1.24906370e-04  2.16855884e-03 -2.35484022e-04  4.54401503e-07
 3.60000000e+00  1.00000000e+00  0.00000000e+00  5.02446637e-03  5.20101963e-04 -7.04728981e-05  1.25379403e-04  4.18732303e-04  7.80109019e-03  6.30220926e-04 -3.10981796e-04  3.46165514e-03  1.30142338e-03  1.07009545e-04
 3.60000000e+00  1.00000000e+00  1.00000000e+00 -4.16101784e-03 -2.29544115e-04  1.61698199e-04 -6.44200527e-06 -3.54253484e-05 -5.40070195e-03 -8.61225933e-05  9.30206010e-05  1.63595587e-03 -1.74350077e-04  3.22335369e-07
 3.70000000e+00  1.00000000e+00  0.00000000e+00  4.09791891e-03  4.36937484e-04 -4.57905743e-05  9.97526362e-05  3.31751306e-04  6.29933021e-03  5.26806767e-04 -2.51640676e-04  2.76351359e-03  1.05723030e-03  8.61372040e-05
 3.70000000e+00  1.00000000e+00  1.00000000e+00 -3.32487495e-03 -1.86133807e-04  1.22870340e-04 -4.66842913e-06 -2.68069540e-05 -4.22609922e-03 -7.11892079e-05  6.99184000e-05  1.24564272e-03 -1.30074485e-04  2.29696232e-07
 3.80000000e+00  1.00000000e+00  0.00000000e+00  3.37101707e-03  3.69312864e-04 -2.88371544e-05  7.98948955e-05  2.64777088e-04  5.12715773e-03  4.42265807e-04 -2.04694882e-04  2.22187473e-03  8.63142146e-04  6.97296893e-05
 3.80000000e+00  1.00000000e+00  1.00000000e+00 -2.67891084e-03 -1.52121685e-04  9.41919993e-05 -3.41679693e-06 -2.04363929e-05 -3.33442092e-03 -5.91566513e-05  5.30112504e-05  9.56647376e-04 -9.77515308e-05  1.64565168e-07
 3.90000000e+00  1.00000000e+00  0.00000000e+00  2.79475261e-03  3.13884779e-04 -1.72030377e-05  6.43925976e-05  2.12770600e-04  4.20338927e-03  3.72807184e-04 -1.67342498e-04  1.79811596e-03  7.08037218e-04  5.67515352e-05
 3.90000000e+00  1.00000000e+00  1.00000000e+00 -2.17494622e-03 -1.25212258e-04  7.28028827e-05 -2.52398754e-06 -1.56906151e-05 -2.65107616e-03 -4.93850340e-05  4.05207380e-05  7.40620349e-04 -7.39734643e-05  1.18596373e-07
 4.00000000e+00  1.00000000e+00  0.00000000e+00  2.33354727e-03  2.68127926e-04 -9.25060653e-06  5.22056297e-05  1.72070182e-04  3.46898581e-03  3.15474246e-04 -1.37460862e-04  1.46402768e-03  5.83443414e-04  4.64253142e-05
 4.00000000e+00  1.00000000e+00  1.00000000e+00 -1.77822420e-03 -1.03734223e-04  5.67051772e-05 -1.88072120e-06 -1.21299662e-05 -2.12280029e-03 -4.13977351e-05  3.12123037e-05  5.77699238e-04 -5.63528657e-05  8.59940232e-08
 4.10000000e+00  1.00000000e+00  0.00000000e+00  1.96120734e-03  2.30110186e-04 -3.85739909e-06  4.25617701e-05  1.39986000e-04  2.88043929e-03  2.67943089e-04 -1.13431201e-04  1.19876562e-03  4.82864284e-04  3.81630196e-05
 4.10000000e+00  1.00000000e+00  1.00000000e+00 -1.46333591e-03 -8.64538669e-05  4.44870177e-05 -1.41287868e-06 -9.43884918e-06 -1.71108635e-03 -3.48327369e-05  2.42170732e-05  4.53806317e-04 -4.32033638e-05  6.27448056e-08
 4.20000000e+00  1.00000000e+00  0.00000000e+00  1.65820672e-03  1.98336299e-04 -2.47992473e-07  3.48828436e-05  1.14522243e-04  2.40530505e-03  2.28375107e-04 -9.40112536e-05  9.86766823e-04  4.01287682e-04  3.15168161e-05
 4.20000000e+00  1.00000000e+00  1.00000000e+00 -1.21149142e-03 -7.24490670e-05  3.51396772e-05 -1.06960603e-06 -7.39093055e-06 -1.38779330e-03 -2.94107688e-05  1.89189036e-05  3.58857425e-04 -3.33243311e-05  4.60686920e-08
 4.30000000e+00  1.00000000e+00  0.00000000e+00  1.40981877e-03  1.71637233e-04  2.11673426e-06  2.87325246e-05  9.41843577e-05  2.01912214e-03  1.95306874e-04 -7.82419603e-05  8.16300431e-04  3.34824239e-04  2.61433781e-05
 4.30000000e+00  1.00000000e+00  1.00000000e+00 -1.00864292e-03 -6.10227591e-05  2.79351601e-05 -8.15633518e-07 -5.82217879e-06 -1.13214338e-03 -2.49136458e-05  1.48762688e-05  2.85557120e-04 -2.58544393e-05  3.40352838e-08
 4.40000000e+00  1.00000000e+00  0.00000000e+00  1.20481660e-03  1.49090599e-04  3.61365348e-06  2.37790736e-05  7.78435520e-05  1.70326256e-03  1.67567230e-04 -6.53786453e-05  6.78446743e-04  2.80439228e-04  2.17778546e-05
 4.40000000e+00  1.00000000e+00  1.00000000e+00 -8.44182424e-04 -5.16425519e-05  2.23431079e-05 -6.26251027e-07 -4.61284870e-06 -9.28649850e-04 -2.11691512e-05  1.17699188e-05  2.28578379e-04 -2.01712322e-05  2.52991278e-08
 4.50000000e+00  1.00000000e+00  0.00000000e+00  1.03455982e-03  1.29962568e-04  4.50737417e-06  1.97684878e-05  6.46404793e-05  1.44341267e-03  1.44214208e-04 -5.48399168e-05  5.66369115e-04  2.35752359e-04  1.82147165e-05
 4.50000000e+00  1.00000000e+00  1.00000000e+00 -7.10027522e-04 -4.38979762e-05  1.79737280e-05 -4.83980818e-07 -3.67490650e-06 -7.65669799e-04 -1.80402025e-05  9.36705156e-06  1.83998031e-04 -1.58217007e-05  1.89181566e-08
 2.00001000e+00  1.00000000e+01  0.00000000e+00  1.50285330e+04  3.95841571e+00 -1.87676172e+00  1.69332449e-01  2.99321191e+00  2.25330736e+04  4.44945944e+00 -6.16803614e-01  9.01007169e+03  5.83053876e+00  2.05833153e-01
 2.00001000e+00  1.00000000e+01  1.00000000e+00 -1.50285156e+04 -3.90295452e+00  1.86612854e+00 -1.52250099e-01  7.22028130e+00 -2.25330656e+04 -4.41204721e+00  2.47011681e+01  9.01357925e+04  2.28064272e+01 -1.69735721e-01
 2.00002000e+00  1.00000000e+01  0.00000000e+00  7.51520696e+03  3.66405493e+00 -1.71653477e+00  1.69102299e-01  2.74140643e+00  1.12637874e+04  4.08833380e+00 -5.70943219e-01  4.50263783e+03  5.34243261e+00  2.05602622e-01
 2.00002000e+00  1.00000000e+01  1.00000000e+00 -7.51518957e+03 -3.60859374e+00  1.70590158e+00 -1.52019948e-01  6.59090295e+00 -1.12637794e+04 -4.05092157e+00  2.26692619e+01  4.50583670e+04  2.09112968e+01 -1.69505190e-01
 2.00005000e+00  1.00000000e+01  0.00000000e+00  3.00708284e+03  3.27500104e+00 -1.50497057e+00  1.68468711e-01  2.40889266e+00  4.50253026e+03  3.61136658e+00 -5.10272593e-01  1.79850503e+03  4.69803001e+00  2.04967986e-01
 2.00005000e+00  1.00000000e+01  1.00000000e+00 -3.00706545e+03 -3.21953985e+00  1.49433739e+00 -1.51386360e-01  5.75999106e+00 -4.50252223e+03 -3.57395435e+00  1.99856712e+01  1.80129678e+04  1.84082461e+01 -1.68870555e-01
 2.00010000e+00  1.00000000e+01  0.00000000e+00  1.50427533e+03  2.98079681e+00 -1.34529088e+00  1.67500848e-01  2.15788226e+00  2.24902145e+03  3.25117030e+00 -4.64308081e-01  8.97380185e+02  4.21180234e+00  2.03998523e-01
 2.00010000e+00  1.00000000e+01  1.00000000e+00 -1.50425794e+03 -2.92533562e+00  1.33465770e+00 -1.50418497e-01  5.13303417e+00 -2.24901342e+03 -3.21375807e+00  1.79592379e+01  8.99865328e+03  1.65179887e+01 -1.67901092e-01
 2.00020000e+00  1.00000000e+01  0.00000000e+00  7.52782780e+02  2.68676455e+00 -1.18621234e+00  1.65722655e-01  1.90774521e+00  1.12248460e+03  2.89199488e+00 -4.18229204e-01  4.47041991e+02  3.72763806e+00  2.02217392e-01
 2.00020000e+00  1.00000000e+01  1.00000000e+00 -7.52765387e+02 -2.63130336e+00  1.17557915e+00 -1.48640305e-01  4.50873711e+00 -1.12247657e+03 -2.85458265e+00  1.59388160e+01  4.49222824e+03  1.46330839e+01 -1.66119960e-01
 2.00050000e+00  1.00000000e+01  0.00000000e+00  3.01759407e+02  2.29858761e+00 -9.77713715e-01  1.60956718e-01  1.57968511e+00  4.46876056e+02  2.42023357e+00 -3.56975360e-01  1.77157803e+02  3.09375791e+00  1.97443577e-01
 2.00050000e+00  1.00000000e+01  1.00000000e+00 -3.01742014e+02 -2.24312642e+00  9.67080530e-01 -1.43874367e-01  3.69138925e+00 -4.46868024e+02 -2.38282134e+00  1.32858819e+01  1.78943193e+03  1.21573296e+01 -1.61346145e-01
 2.00100000e+00  1.00000000e+01  0.00000000e+00  1.51319748e+02  2.00567666e+00 -8.22554987e-01  1.53894663e-01  1.33524279e+00  2.21915376e+02  2.06771474e+00 -3.10150748e-01  8.74361986e+01  2.62304826e+00  1.90369849e-01
 2.00100000e+00  1.00000000e+01  1.00000000e+00 -1.51302355e+02 -1.95021547e+00  8.11921801e-01 -1.36812313e-01  3.08443594e+00 -2.21907344e+02 -2.03030251e+00  1.13046592e+01  8.89322243e+02  1.03073275e+01 -1.54272418e-01
 2.00200000e+00  1.00000000e+01  0.00000000e+00  7.60126898e+01  1.71434564e+00 -6.71562377e-01  1.41347575e-01  1.09672332e+00  1.09650172e+02  1.72220470e+00 -2.62543989e-01  4.27784095e+01  2.16632615e+00  1.77802284e-01
 2.00200000e+00  1.00000000e+01  1.00000000e+00 -7.59954301e+01 -1.65957961e+00  6.61064240e-01 -1.25389032e-01  2.49660927e+00 -1.09641939e+02 -1.68497070e+00  9.36607655e+00  4.40001778e+02  8.49766736e+00 -1.43265520e-01
 2.00500000e+00  1.00000000e+01  0.00000000e+00  3.07048103e+01  1.33317710e+00 -4.83522633e-01  1.09392666e-01  7.98000037e-01  4.25981571e+01  1.28498946e+00 -1.97429048e-01  1.62455127e+01  1.60174025e+00  1.45795316e-01
 2.00500000e+00  1.00000000e+01  1.00000000e+00 -3.06879522e+01 -1.28048777e+00  4.73427806e-01 -9.67920894e-02  1.77185071e+00 -4.25893221e+01 -1.24828694e+00  6.92065810e+00  1.71475291e+02  6.21373675e+00 -1.15912573e-01
 2.01000000e+00  1.00000000e+01  0.00000000e+00  1.55094149e+01  1.05023360e+00 -3.56571059e-01  6.49461161e-02  5.93904408e-01  2.04807713e+01  9.80047367e-01 -1.45289384e-01  7.56318430e+00  1.22632496e+00  1.01276474e-01
 2.01000000e+00  1.00000000e+01  1.00000000e+00 -1.54932366e+01 -1.00097632e+00  3.47142377e-01 -5.78976362e-02  1.29310478e+00 -2.04709507e+01 -9.44220146e-01  5.22634563e+00  8.27959531e+01  4.63071085e+00 -7.90581309e-02
 2.02000000e+00  1.00000000e+01  0.00000000e+00  7.83307191e+00  7.75303039e-01 -2.51351050e-01 -8.19406315e-03  4.20785668e-01  9.62405245e+00  7.11699806e-01 -8.90643160e-02  3.30989517e+00  9.24065894e-01  2.80174142e-02
 2.02000000e+00  1.00000000e+01  1.00000000e+00 -7.81829090e+00 -7.32803373e-01  2.43232589e-01  4.30280405e-03  9.13758431e-01 -9.61232081e+00 -6.77584768e-01  3.75404604e+00  3.92001362e+01  3.25599610e+00 -2.07889147e-02
 2.02500000e+00  1.00000000e+01  0.00000000e+00  6.28731108e+00  7.14258361e-01 -1.91802033e-01  8.44591832e-02  3.29758817e-01  7.45755014e+00  5.92777618e-01 -1.01159205e-01  2.66623247e+00  6.86257394e-01  1.08152650e-01
 2.02500000e+00  1.00000000e+01  1.00000000e+00 -6.26881436e+00 -6.62944317e-01  1.83063889e-01 -6.98232771e-02  6.50599951e-01 -7.44809995e+00 -5.58894750e-01  3.05063776e+00  3.03731682e+01  2.62886389e+00 -7.33915579e-02
 2.05000000e+00  1.00000000e+01  0.00000000e+00  3.14288359e+00  4.80086112e-01 -1.04435710e-01  5.45345696e-02  1.84690291e-01  3.31288507e+00  3.64739463e-01 -6.30789043e-02  1.12849391e+00  4.02765547e-01  7.55241647e-02
 2.05000000e+00  1.00000000e+01  1.00000000e+00 -3.12381394e+00 -4.33140508e-01  9.73071637e-02 -4.26998418e-02  3.32163232e-01 -3.30243320e+00 -3.34352820e-01  1.80148281e+00  1.36088734e+01  1.48945302e+00 -4.83674953e-02
 2.10000000e+00  1.00000000e+01  0.00000000e+00  1.52159662e+00  2.84105212e-01 -4.55212772e-02  2.75110783e-02  8.40386324e-02  1.37700686e+00  1.93019661e-01 -3.27695178e-02  4.33618094e-01  1.97096339e-01  4.10696539e-02
 2.10000000e+00  1.00000000e+01  1.00000000e+00 -1.50175351e+00 -2.44576985e-01  4.07084392e-02 -1.95927173e-02  1.29915432e-01 -1.36524745e+00 -1.68478140e-01  8.86759940e-01  5.70051356e+00  6.81916688e-01 -2.30256955e-02
 2.20000000e+00  1.00000000e+01  0.00000000e+00  6.82746081e-01  1.39723948e-01 -1.41444843e-02  9.81012248e-03  2.85096982e-02  5.14669842e-01  8.22941575e-02 -1.29977906e-02  1.40029583e-01  7.32810617e-02  1.54580080e-02
 2.20000000e+00  1.00000000e+01  1.00000000e+00 -6.62649333e-01 -1.11108013e-01  1.18319319e-02 -5.92388487e-03  3.32925316e-02 -5.02341338e-01 -6.59800334e-02  3.32459332e-01  2.11552509e+00  2.25337127e-01 -6.61101336e-03
 2.30000000e+00  1.00000000e+01  0.00000000e+00  3.99834491e-01  8.21254997e-02 -5.62399990e-03  4.40493270e-03  1.27413703e-02  2.67954855e-01  4.36671191e-02 -6.42055561e-03  6.38245318e-02  3.45702039e-02  6.96083078e-03
 2.30000000e+00  1.00000000e+01  1.00000000e+00 -3.80590150e-01 -6.09137059e-02  4.46247312e-03 -2.29478120e-03  1.08458196e-02 -2.56434959e-01 -3.25127181e-02  1.57305700e-01  1.07432904e+00  9.52917962e-02 -2.31853948e-03
 2.40000000e+00  1.00000000e+01  0.00000000e+00  2.61238872e-01  5.28035659e-02 -2.47266653e-03  2.26141881e-03  6.57577192e-03  1.60457047e-01  2.58657382e-02 -3.57044515e-03  3.40375806e-02  1.85249118e-02  3.51361342e-03
 2.40000000e+00  1.00000000e+01  1.00000000e+00 -2.43417393e-01 -3.67642123e-02  1.88449813e-03 -1.02748108e-03  3.72263620e-03 -1.50220681e-01 -1.80238873e-02  8.39441881e-02  6.21300072e-01  4.58495806e-02 -9.27841914e-04
 2.50000000e+00  1.00000000e+01  0.00000000e+00  1.81459574e-01  3.59398934e-02 -1.12184043e-03  1.26967516e-03  3.72046827e-03  1.03953246e-01  1.64315504e-02 -2.14523553e-03  1.99613730e-02  1.08003732e-02  1.92561245e-03
 2.50000000e+00  1.00000000e+01  1.00000000e+00 -1.65299431e-01 -2.36040689e-02  8.34191523e-04 -5.07199787e-04  1.14076181e-03 -9.50788615e-02 -1.07792184e-02  4.84228752e-02  3.86457633e-01  2.40001291e-02 -4.08783378e-04
 2.60000000e+00  1.00000000e+01  0.00000000e+00  1.31187683e-01  2.54694037e-02 -4.93914551e-04  7.60401423e-04  2.24590562e-03  7.08786784e-02  1.09685567e-02 -1.36195699e-03  1.24900877e-02  6.69187325e-03  1.12345875e-03
 2.60000000e+00  1.00000000e+01  1.00000000e+00 -1.16731566e-01 -1.58422143e-02  3.68097451e-04 -2.68818594e-04  1.61797777e-04 -6.32835221e-02 -6.80572517e-03  2.95361349e-02  2.52084110e-01  1.33529552e-02 -1.93921124e-04
 2.70000000e+00  1.00000000e+01  0.00000000e+00  9.76108796e-02  1.86094230e-02 -1.89319207e-04  4.78293785e-04  1.42328482e-03  5.01142215e-02  7.60057854e-03 -9.01296807e-04  8.19405155e-03  4.34222159e-03  6.88627183e-04
 2.70000000e+00  1.00000000e+01  1.00000000e+00 -8.47929007e-02 -1.09999511e-02  1.51234833e-04 -1.50472133e-04 -1.96333353e-04 -4.36583542e-02 -4.47771108e-03  1.87985017e-02  1.70137111e-01  7.78616222e-03 -9.75897635e-05
 2.80000000e+00  1.00000000e+01  0.00000000e+00  7.42481063e-02  1.39299953e-02 -3.96510937e-05  3.12723210e-04  9.36967872e-04  3.64190031e-02  5.42390177e-03 -6.16165745e-04  5.57421780e-03  2.92189995e-03  4.39365580e-04
 2.80000000e+00  1.00000000e+01  1.00000000e+00 -6.29471059e-02 -7.84775738e-03  4.84226452e-05 -8.79805467e-05 -3.03829611e-04 -3.09505161e-02 -3.04378446e-03  1.23754092e-02  1.17869385e-01  4.71437361e-03 -5.15568977e-05
 2.90000000e+00  1.00000000e+01  0.00000000e+00  5.74864234e-02  1.06353314e-02  3.24324407e-05  2.11004990e-04  6.36112394e-04  2.70474874e-02  3.96400769e-03 -4.32462264e-04  3.90260611e-03  2.02477153e-03  2.89801543e-04
 2.90000000e+00  1.00000000e+01  1.00000000e+00 -4.75580626e-02 -5.72537131e-03  2.23575935e-07 -5.33191135e-05 -3.10649289e-04 -2.24219542e-02 -2.12491035e-03  8.37520334e-03  8.33911698e-02  2.94475200e-03 -2.83723498e-05
 3.00000000e+00  1.00000000e+01  0.00000000e+00  4.51680763e-02  8.25535492e-03  6.46791604e-05  1.46149991e-04  4.43040423e-04  2.04480911e-02  2.95506150e-03 -3.10223328e-04  2.79712995e-03  1.43759638e-03  1.96591316e-04
 3.00000000e+00  1.00000000e+01  1.00000000e+00 -3.64632061e-02 -4.25640274e-03 -2.11338324e-05 -3.33023945e-05 -2.79995791e-04 -1.65359860e-02 -1.51682539e-03  5.80080558e-03  6.00387673e-02  1.88852247e-03 -1.61686348e-05
 3.10000000e+00  1.00000000e+01  0.00000000e+00  3.59364490e-02  6.49908188e-03  7.63090743e-05  1.03502637e-04  3.15320947e-04  1.56921252e-02  2.24024373e-03 -2.26687520e-04  2.04444936e-03  1.04180774e-03  1.36607349e-04
 3.10000000e+00  1.00000000e+01  1.00000000e+00 -2.83114233e-02 -3.21592744e-03 -2.91839791e-05 -2.13448452e-05 -2.38723314e-04 -1.23808883e-02 -1.10347915e-03  4.09800478e-03  4.38773891e-02  1.23898695e-03 -9.49776084e-06
 3.20000000e+00  1.00000000e+01  0.00000000e+00  2.89040419e-02  5.17944593e-03  7.73980064e-05  7.47163419e-05  2.28641472e-04  1.21983598e-02  1.72309282e-03 -1.68305853e-04  1.51942907e-03  7.68332990e-04  9.69277464e-05
 3.20000000e+00  1.00000000e+01  1.00000000e+00 -2.22259159e-02 -2.46428415e-03 -3.07152602e-05 -1.39919628e-05 -1.97901789e-04 -9.39191496e-03 -8.16045367e-04  2.94517764e-03  3.24883322e-02  8.29183709e-04 -5.72981696e-06
 3.30000000e+00  1.00000000e+01  0.00000000e+00  2.34715694e-02  4.17236012e-03  7.33222885e-05  5.48448716e-05  1.68508032e-04  9.58980513e-03  1.34217468e-03 -1.26712913e-04  1.14564166e-03  5.75332249e-04  7.00440941e-05
 3.30000000e+00  1.00000000e+01  1.00000000e+00 -1.76202997e-02 -1.91194037e-03 -2.91899876e-05 -9.35560672e-06 -1.61640489e-04 -7.20702209e-03 -6.12216735e-04  2.14884310e-03  2.43364446e-02  5.64793221e-04 -3.53941080e-06
 3.40000000e+00  1.00000000e+01  0.00000000e+00  1.92237294e-02  3.39330976e-03  6.69694246e-05  4.08566192e-05  1.25986149e-04  7.61469684e-03  1.05719843e-03 -9.65826511e-05  8.74811313e-04  4.36611849e-04  5.14440940e-05
 3.40000000e+00  1.00000000e+01  1.00000000e+00 -1.40926437e-02 -1.49992333e-03 -2.63820557e-05 -6.36694025e-06 -1.31007730e-04 -5.58750559e-03 -4.65185962e-04  1.58900516e-03  1.84214988e-02  3.90823471e-04 -2.23316476e-06
 3.50000000e+00  1.00000000e+01  0.00000000e+00  1.58663904e-02  2.78341000e-03  5.98784774e-05  3.08388477e-05  9.54081036e-05  6.10071825e-03  8.41059377e-04 -7.44332177e-05  6.75546992e-04  3.35292394e-04  3.83330994e-05
 3.50000000e+00  1.00000000e+01  1.00000000e+00 -1.13617040e-02 -1.18846956e-03 -2.31899962e-05 -4.40227379e-06 -1.05801517e-04 -4.37222474e-03 -3.57514646e-04  1.18925232e-03  1.40772355e-02  2.74320773e-04 -1.43615381e-06
 3.60000000e+00  1.00000000e+01  0.00000000e+00  1.31873665e-02  2.30082419e-03  5.28503570e-05  2.35539883e-05  7.30881931e-05  4.92749655e-03  6.75130119e-04 -5.79372072e-05  5.26951711e-04  2.60238023e-04  2.89372423e-05
 3.60000000e+00  1.00000000e+01  1.00000000e+00 -9.22720769e-03 -9.50218034e-04 -2.00542962e-05 -3.08787258e-06 -8.53581917e-05 -3.45023453e-03 -2.77602173e-04  8.99816629e-04  1.08515391e-02  1.95058604e-04 -9.39753830e-07
 3.70000000e+00  1.00000000e+01  0.00000000e+00  1.10310994e-02  1.91530687e-03  4.62769508e-05  1.81833633e-05  5.65766037e-05  4.00939785e-03  5.46355017e-04 -4.55069934e-05  4.14801071e-04  2.03932797e-04  2.21024972e-05
 3.70000000e+00  1.00000000e+01  1.00000000e+00 -7.54433405e-03 -7.65998344e-04 -1.71740596e-05 -2.19444728e-06 -6.89059789e-05 -2.74379722e-03 -2.17572592e-04  6.87613064e-04  8.43247387e-03  1.40353686e-04 -6.24743862e-07
 3.80000000e+00  1.00000000e+01  0.00000000e+00  9.28193798e-03  1.60465807e-03  4.03257836e-05  1.41746691e-05  4.42133084e-05  3.28455662e-03  4.45431102e-04 -3.60408481e-05  3.29238506e-04  1.61211042e-04  1.70633209e-05
 3.80000000e+00  1.00000000e+01  1.00000000e+00 -6.20694711e-03 -6.22162987e-04 -1.46230008e-05 -1.57834025e-06 -5.57161012e-05 -2.19762292e-03 -1.71984546e-04  5.30255523e-04  6.60172716e-03  1.02099902e-04 -4.21403566e-07
 3.90000000e+00  1.00000000e+01  0.00000000e+00  7.85282028e-03  1.35235950e-03  3.50428123e-05  1.11487046e-05  3.48538724e-05  2.70765613e-03  3.65628771e-04 -2.87622085e-05  2.63320625e-04  1.28461603e-04  1.33023220e-05
 3.90000000e+00  1.00000000e+01  1.00000000e+00 -5.13632260e-03 -5.08855681e-04 -1.24112399e-05 -1.14782501e-06 -4.51558180e-05 -1.77185493e-03 -1.37018544e-04  4.12351996e-04  5.20452205e-03  7.50263713e-05 -2.88079466e-07
 4.00000000e+00  1.00000000e+01  0.00000000e+00  6.67746601e-03  1.14596807e-03  3.04102317e-05  8.84096718e-06  2.76969521e-05  2.24508511e-03  3.02012650e-04 -2.31158980e-05  2.12082059e-04  1.03120247e-04  1.04636456e-05
 4.00000000e+00  1.00000000e+01  1.00000000e+00 -4.27343176e-03 -4.18864903e-04 -1.05183954e-05 -8.43319412e-07 -3.66984294e-05 -1.43741048e-03 -1.09954567e-04  3.23163841e-04  4.12983016e-03  5.56515951e-05 -1.99392441e-07
 4.10000000e+00  1.00000000e+01  0.00000000e+00  5.70490665e-03  9.76007052e-04  2.63795637e-05  7.06430059e-06  2.21735236e-05  1.87164143e-03  2.50920249e-04 -1.87000908e-05  1.71927513e-04  8.33426547e-05  8.29906883e-06
 4.10000000e+00  1.00000000e+01  1.00000000e+00 -3.57357934e-03 -3.46851998e-04 -8.91139817e-06 -6.25510704e-07 -2.99161576e-05 -1.17283964e-03 -8.88308796e-05  2.55101611e-04  3.29716687e-03  4.16429103e-05 -1.39607200e-07
 4.20000000e+00  1.00000000e+01  0.00000000e+00  4.89558303e-03  8.35184863e-04  2.28896389e-05  5.68453593e-06  1.78743050e-05  1.56823246e-03  2.09602386e-04 -1.52204981e-05  1.40220835e-04  6.77846991e-05  6.63280014e-06
 4.20000000e+00  1.00000000e+01  1.00000000e+00 -3.00261574e-03 -2.88821654e-04 -7.55359792e-06 -4.68084620e-07 -2.44660080e-05 -9.62161221e-04 -7.22154819e-05  2.02735589e-04  2.64760845e-03  3.14166039e-05 -9.88025286e-08
 4.30000000e+00  1.00000000e+01  0.00000000e+00  4.21853303e-03  7.17839709e-04  1.98767412e-05  4.60433477e-06  1.45014526e-05  1.32026273e-03  1.75975115e-04 -1.24593627e-05  1.15009180e-04  5.54563235e-05  5.33886064e-06
 4.30000000e+00  1.00000000e+01  1.00000000e+00 -2.53423304e-03 -2.41754308e-04 -6.40942431e-06 -3.53192970e-07 -2.00752587e-05 -7.93361044e-04 -5.90519359e-05  1.62138850e-04  2.13763038e-03  2.38843230e-05 -7.06294527e-08
 4.40000000e+00  1.00000000e+01  0.00000000e+00  3.64933377e-03  6.19537666e-04  1.72797469e-05  3.75229787e-06  1.18358652e-05  1.11647899e-03  1.48443858e-04 -1.02539726e-05  9.48311917e-05  4.56205120e-05  4.32586105e-06
 4.40000000e+00  1.00000000e+01  1.00000000e+00 -2.14800805e-03 -2.03346838e-04 -5.44645437e-06 -2.68580599e-07 -1.65279153e-05 -6.57330290e-04 -4.85530176e-05  1.30442107e-04  1.73481104e-03  1.82896311e-05 -5.09668637e-08
 4.50000000e+00  1.00000000e+01  0.00000000e+00  3.16858203e-03  5.36779237e-04  1.50426397e-05  3.07551843e-06  9.71475514e-06  9.48137416e-04  1.25778183e-04 -8.48166614e-06  7.85835499e-05  3.77235235e-05  3.52680530e-06
 4.50000000e+00  1.00000000e+01  1.00000000e+00 -1.82797286e-03 -1.71827704e-04 -4.63617847e-06 -2.05736390e-07 -1.36532530e-05 -5.47109095e-04 -4.01267513e-05  1.05529163e-04  1.41481086e-03  1.41012323e-05 -3.71047786e-08
 2.00001000e+00  1.00000000e+02  0.00000000e+00  1.94271011e+03  3.89800179e+00 -1.10065772e+00  1.95658342e-01  2.29113605e+00  2.90369179e+03  4.06763628e+00 -6.99944812e-01  1.15918503e+03  5.05172604e+00  4.30980646e-01
 2.00001000e+00  1.00000000e+02  1.00000000e+00 -1.94271108e+03 -3.88918875e+00  1.10184462e+00 -1.94718226e-01  5.31731658e+01 -2.90368869e+03 -4.06675871e+00  2.05443970e+02  1.16150697e+05  2.44882585e+02 -3.66177034e-01
 2.00002000e+00  1.00000000e+02  0.00000000e+00  9.71976253e+02  3.53818101e+00 -9.61064205e-01  1.93151751e-01  2.01927415e+00  1.44858547e+03  3.60162425e+00 -6.33279522e-01  5.77532509e+02  4.41658279e+00  4.28031709e-01
 2.00002000e+00  1.00000000e+02  1.00000000e+00 -9.71977226e+02 -3.52936797e+00  9.62251105e-01 -1.92211634e-01  4.63960765e+01 -1.44858238e+03 -3.60074668e+00  1.81845432e+02  5.79460517e+04  2.17279717e+02 -3.63228096e-01
 2.00005000e+00  1.00000000e+02  0.00000000e+00  3.89432585e+02  3.06369070e+00 -7.79021967e-01  1.86251285e-01  1.66368705e+00  5.76078027e+02  2.99170794e+00 -5.45045011e-01  2.29031325e+02  3.59000496e+00  4.19913498e-01
 2.00005000e+00  1.00000000e+02  1.00000000e+00 -3.89433559e+02 -3.05487766e+00  7.80208867e-01 -1.85311168e-01  3.75599659e+01 -5.76074935e+02 -2.99083037e+00  1.50961200e+02  2.30452458e+04  1.81151747e+02 -3.55109885e-01
 2.00010000e+00  1.00000000e+02  0.00000000e+00  1.95171729e+02  2.70648367e+00 -6.45006676e-01  1.75710204e-01  1.40032520e+00  2.85666525e+02  2.53940002e+00 -4.78138278e-01  1.13225899e+02  2.98406118e+00  4.07512202e-01
 2.00010000e+00  1.00000000e+02  1.00000000e+00 -1.95172703e+02 -2.69767064e+00  6.46193576e-01 -1.74770088e-01  3.10577481e+01 -2.85663433e+02 -2.53852245e+00  1.28060039e+02  1.14284168e+04  1.54357577e+02 -3.42708590e-01
 2.00020000e+00  1.00000000e+02  0.00000000e+00  9.79708584e+01  2.35214770e+00 -5.17118705e-01  1.56343754e-01  1.14630012e+00  1.40828865e+02  2.10214518e+00 -4.10966335e-01  5.56161486e+01  2.41019115e+00  3.84728098e-01
 2.00020000e+00  1.00000000e+02  1.00000000e+00 -9.79718320e+01 -2.34333466e+00  5.18305605e-01 -1.55403637e-01  2.48574589e+01 -1.40825773e+02 -2.10126761e+00  1.05924901e+02  5.63456730e+03  1.28451712e+02 -3.19924486e-01
 2.00050000e+00  1.00000000e+02  0.00000000e+00  3.95508168e+01  1.89229854e+00 -3.66323304e-01  1.04437501e-01  8.38326691e-01  5.44245853e+01  1.56899346e+00 -3.21379363e-01  2.13835467e+01  1.74717634e+00  3.23661799e-01
 2.00050000e+00  1.00000000e+02  1.00000000e+00 -3.95517904e+01 -1.88348551e+00  3.67510204e-01 -1.03497385e-01  1.75610610e+01 -5.44214931e+01 -1.56811589e+00  7.89470775e+01  2.17801913e+03  9.68537277e+01 -2.58858187e-01
 2.00100000e+00  1.00000000e+02  0.00000000e+00  2.00034819e+01  1.55668360e+00 -2.78389356e-01  2.75240349e-02  6.45183220e-01  2.59620264e+01  1.22989429e+00 -2.52478085e-01  1.01030337e+01  1.38244750e+00  2.33175191e-01
 2.00100000e+00  1.00000000e+02  1.00000000e+00 -2.00044556e+01 -1.54787057e+00  2.79576255e-01 -2.65839183e-02  1.33295381e+01 -2.59589342e+01 -1.22901672e+00  6.18069013e+01  1.03934135e+03  7.67401656e+01 -1.68371578e-01
 2.00200000e+00  1.00000000e+02  0.00000000e+00  1.01686106e+01  1.24055572e+00 -2.31944547e-01 -1.09145787e-01  5.15258738e-01  1.19589264e+01  9.92720601e-01 -1.81781066e-01  4.37702507e+00  1.23488922e+00  7.23868510e-02
 2.00200000e+00  1.00000000e+02  1.00000000e+00 -1.01696001e+01 -1.23249135e+00  2.33146418e-01  1.08634376e-01  1.11431722e+01 -1.19557991e+01 -9.91867243e-01  4.98553568e+01  4.79209172e+02  6.26472577e+01 -9.95146633e-03
 2.00500000e+00  1.00000000e+02  0.00000000e+00  4.19297081e+00  8.77197435e-01 -2.86780631e-01 -4.57224260e-01  5.20619455e-01  3.67982538e+00  9.64742380e-01 -8.32938361e-02  2.58110422e-01  1.64824329e+00 -3.37118034e-01
 2.00500000e+00  1.00000000e+02  1.00000000e+00 -4.19401229e+00 -8.71371974e-01  2.88027270e-01  4.52375622e-01  1.39816600e+01 -3.67659334e+00 -9.63961278e-01  4.85903543e+01  1.48510808e+02  6.08778072e+01  3.92491158e-01
 2.01000000e+00  1.00000000e+02  0.00000000e+00  2.16099069e+00  6.74299108e-01 -4.81598560e-01 -9.41385509e-01  7.58322062e-01  7.45824307e-01  1.32027662e+00 -2.15436266e-03 -2.37354949e+00  2.76356160e+00 -9.06720615e-01
 2.01000000e+00  1.00000000e+02  1.00000000e+00 -2.16213300e+00 -6.72181671e-01  4.82919336e-01  9.29365577e-01  2.36866468e+01 -7.42420303e-01 -1.31961472e+00  6.68078382e+01  3.21285316e+01  8.17843398e+01  9.50463242e-01
 2.02000000e+00  1.00000000e+02  0.00000000e+00  1.13393425e+00  5.73312641e-01 -8.93448707e-01 -1.73813692e+00  1.32672813e+00 -1.25222471e+00  2.20899007e+00  8.83787624e-02 -5.83020606e+00  5.01491605e+00 -1.84407705e+00
 2.02000000e+00  1.00000000e+02  1.00000000e+00 -1.13533040e+00 -5.78524443e-01  8.94915986e-01  1.71198654e+00  4.40896381e+01  1.25596364e+00 -2.20856204e+00  1.12166599e+02 -4.59363791e+01  1.34181772e+02  1.86507262e+00
 2.02500000e+00  1.00000000e+02  0.00000000e+00  7.87944951e-01  2.80090199e-01 -1.50846628e-02  9.45846208e-03  2.45038499e-02  3.48782390e-01  8.98062697e-02 -7.54827542e-03  7.09804061e-02  4.80469119e-02  1.56360871e-02
 2.02500000e+00  1.00000000e+02  1.00000000e+00 -7.87475946e-01 -2.71800187e-01  1.47348244e-02 -8.89473373e-03  7.11490915e-01 -3.48618841e-01 -8.73031716e-02  4.34657777e+00  1.41636277e+01  4.96681773e+00 -1.40890298e-02
 2.05000000e+00  1.00000000e+02  0.00000000e+00  4.05189377e-01  1.53601540e-01 -4.09447321e-03  2.52298904e-03  6.47540721e-03  1.28329834e-01  3.54668431e-02 -2.42039849e-03  2.01317351e-02  1.41822837e-02  4.54061520e-03
 2.05000000e+00  1.00000000e+02  1.00000000e+00 -4.04553676e-01 -1.46220645e-01  3.91634168e-03 -2.28251117e-03  1.87384699e-01 -1.28149717e-01 -3.38076140e-02  1.66956458e+00  5.25836464e+00  1.86226639e+00 -3.83952886e-03
 2.10000000e+00  1.00000000e+02  0.00000000e+00  1.97875810e-01  7.45430783e-02 -9.47533830e-04  5.00986771e-04  1.29833889e-03  4.22707396e-02  1.18089983e-02 -5.79562143e-04  4.63828722e-03  3.28379669e-03  9.86243205e-04
 2.10000000e+00  1.00000000e+02  1.00000000e+00 -1.96961368e-01 -6.84420161e-02  8.72296799e-04 -4.21007271e-04  4.12100968e-02 -4.20835607e-02 -1.08517864e-02  5.28208221e-01  1.75171799e+00  5.61730784e-01 -7.37898848e-04
 2.20000000e+00  1.00000000e+02  0.00000000e+00  8.90928984e-02  3.08667389e-02 -2.17106149e-04  7.67338121e-05  2.04117536e-04  1.21920196e-02  3.22923591e-03 -1.02674414e-04  8.22217664e-04  5.72072639e-04  1.55251032e-04
 2.20000000e+00  1.00000000e+02  1.00000000e+00 -8.78188156e-02 -2.64869452e-02  1.86602137e-04 -5.60269790e-05  8.64417740e-03 -1.20198367e-02 -2.77216805e-03  1.31294867e-01  5.07609721e-01  1.27279543e-01 -9.19125528e-05
 2.30000000e+00  1.00000000e+02  0.00000000e+00  5.26821273e-02  1.67280358e-02 -8.31071033e-05  2.30668328e-05  6.27959794e-05  5.55585181e-03  1.36945679e-03 -3.33572298e-05  2.67071352e-04  1.81431209e-04  4.51804660e-05
 2.30000000e+00  1.00000000e+02  1.00000000e+00 -5.12341258e-02 -1.34785477e-02  6.70723858e-05 -1.47335960e-05  3.03626980e-03 -5.40394204e-03 -1.10366893e-03  5.08893379e-02  2.28730297e-01  4.51440139e-02 -2.14026001e-05
 2.40000000e+00  1.00000000e+02  0.00000000e+00  3.48699021e-02  1.02529612e-02 -3.66622463e-05  9.37610613e-06  2.60306982e-05  3.08529300e-03  7.08211675e-04 -1.44014723e-05  1.14896375e-04  7.60308606e-05  1.74828057e-05
 2.40000000e+00  1.00000000e+02  1.00000000e+00 -3.33686089e-02 -7.78793860e-03  2.79012188e-05 -5.26988832e-06  1.23094353e-03 -2.95280136e-03 -5.38001239e-04  2.41555214e-02  1.24289387e-01  1.96812087e-02 -6.69167999e-06
 2.50000000e+00  1.00000000e+02  0.00000000e+00  2.45665249e-02  6.76304538e-03 -1.65927273e-05  4.52563829e-06  1.27754457e-05  1.91328320e-03  4.11557035e-04 -7.34708540e-06  5.85586798e-05  3.77163101e-05  8.04212446e-06
 2.50000000e+00  1.00000000e+02  1.00000000e+00 -2.30877414e-02 -4.85961825e-03  1.19521272e-05 -2.25017810e-06  5.12722055e-04 -1.79827799e-03 -2.95740980e-04  1.29319426e-02  7.48796790e-02  9.71061814e-03 -2.50922116e-06
 2.60000000e+00  1.00000000e+02  0.00000000e+00  1.80121098e-02  4.68806001e-03 -7.14762509e-06  2.43997695e-06  6.98610120e-06  1.27068943e-03  2.58099601e-04 -4.16892535e-06  3.32715243e-05  2.08714094e-05  4.14466309e-06
 2.60000000e+00  1.00000000e+02  1.00000000e+00 -1.66014339e-02 -3.19658516e-03  4.89099657e-06 -1.07841486e-06  2.03317594e-04 -1.17125689e-03 -1.75989515e-04  7.49623170e-03  4.80726461e-02  5.20419090e-03 -1.06270409e-06
 2.70000000e+00  1.00000000e+02  0.00000000e+00  1.35828349e-02  3.36989747e-03 -2.52705173e-06  1.42126726e-06  4.11892781e-06  8.84122225e-04  1.70838397e-04 -2.54515763e-06  2.03760921e-05  1.24673294e-05  2.31583194e-06
 2.70000000e+00  1.00000000e+02  1.00000000e+00 -1.22654049e-02 -2.18651012e-03  1.65040464e-06 -5.60891118e-07  6.57627045e-05 -7.98416089e-04 -1.10845224e-04  4.60022157e-03  3.22196414e-02  2.96139330e-03 -4.91609203e-07
 2.80000000e+00  1.00000000e+02  0.00000000e+00  1.04621960e-02  2.49126464e-03 -2.48660057e-07  8.76683778e-07  2.56732157e-06  6.36345292e-04  1.17768287e-04 -1.63928992e-06  1.31872914e-05  7.88494704e-06  1.37623786e-06
 2.80000000e+00  1.00000000e+02  1.00000000e+00 -9.24960594e-03 -1.54200806e-03  1.60840201e-07 -3.10201368e-07  4.93248895e-06 -5.62618434e-04 -7.28929658e-05  2.94829406e-03  2.22836625e-02  1.76475398e-03 -2.43551317e-07
 2.90000000e+00  1.00000000e+02  0.00000000e+00  8.19472109e-03  1.88351522e-03  8.37958897e-07  5.65221676e-07  1.67023641e-06  4.69933706e-04  8.37878587e-05 -1.09944821e-06  8.89597293e-06  5.20833992e-06  8.57946237e-07
 2.90000000e+00  1.00000000e+02  1.00000000e+00 -7.08992726e-03 -1.11469500e-03 -4.91326965e-07 -1.80005138e-07 -2.03194697e-05 -4.06594259e-04 -4.95854683e-05  1.95521356e-03  1.57864224e-02  1.09096493e-03 -1.27385992e-07
 3.00000000e+00  1.00000000e+02  0.00000000e+00  6.50762674e-03  1.45060459e-03  1.30776936e-06  3.77513221e-07  1.12437107e-06  3.54185489e-04  6.11460791e-05 -7.61242925e-07  6.19925818e-06  3.56100956e-06  5.55963634e-07
 3.00000000e+00  1.00000000e+02  1.00000000e+00 -5.50823306e-03 -8.22536815e-04 -7.38429856e-07 -1.08596767e-07 -2.89841290e-05 -2.99802037e-04 -3.46703842e-05  1.33319897e-03  1.14010286e-02  6.95100639e-04 -6.96727115e-08
 3.10000000e+00  1.00000000e+02  0.00000000e+00  5.22828171e-03  1.13473048e-03  1.45727572e-06  2.59546952e-07  7.78379088e-07  2.71433756e-04  4.55671692e-05 -5.40825591e-07  4.43429794e-06  2.50382604e-06  3.72003587e-07
 3.10000000e+00  1.00000000e+02  1.00000000e+00 -4.32877045e-03 -6.17646167e-04 -7.91054633e-07 -6.76659257e-08 -3.00522516e-05 -2.24740465e-04 -2.48016803e-05  9.30387827e-04  8.36639650e-03  4.54274722e-04 -3.95673681e-08
 3.20000000e+00  1.00000000e+02  0.00000000e+00  4.24280471e-03  8.99569794e-04  1.44360709e-06  1.82819898e-07  5.51623263e-07  2.10946246e-04  3.45607975e-05 -3.92513014e-07  3.24064259e-06  1.80180987e-06  2.55724194e-07
 3.20000000e+00  1.00000000e+02  1.00000000e+00 -3.43600664e-03 -4.70842240e-04 -7.54077087e-07 -4.33316350e-08 -2.78536100e-05 -1.70837321e-04 -1.80886132e-05  6.62202408e-04  6.22357851e-03  3.03425352e-04 -2.32059892e-08
 3.30000000e+00  1.00000000e+02  0.00000000e+00  3.47356054e-03  7.21474414e-04  1.35125886e-06  1.31461111e-07  3.98805028e-07  1.65915262e-04  2.66106174e-05 -2.90052468e-07  2.41131093e-06  1.32223892e-06  1.79898446e-07
 3.30000000e+00  1.00000000e+02  1.00000000e+00 -2.75160485e-03 -3.63703240e-04 -6.80098625e-07 -2.84106184e-08 -2.44724809e-05 -1.31433489e-04 -1.34141003e-05  4.79412774e-04  4.68473539e-03  2.06550634e-04 -1.39964683e-08
 3.40000000e+00  1.00000000e+02  0.00000000e+00  2.86620254e-03  5.84587887e-04  1.22586290e-06  9.62330511e-08  2.93343969e-07  1.31869961e-04  2.07589347e-05 -2.17687199e-07  1.82206296e-06  9.86757635e-07  1.29125931e-07
 3.40000000e+00  1.00000000e+02  1.00000000e+00 -2.22111288e-03 -2.84249729e-04 -5.95276053e-07 -1.90154835e-08 -2.08908649e-05 -1.02192006e-04 -1.00933515e-05  3.52296640e-04  3.56361558e-03  1.42981523e-04 -8.65295771e-09
 3.50000000e+00  1.00000000e+02  0.00000000e+00  2.38182060e-03  4.78001296e-04  1.09155321e-06  7.15544934e-08  2.19058319e-07  1.05783619e-04  1.63805391e-05 -1.65593793e-07  1.39518212e-06  7.47147936e-07  9.43164733e-08
 3.50000000e+00  1.00000000e+02  1.00000000e+00 -1.80588023e-03 -2.24488282e-04 -5.12059315e-07 -1.29612861e-08 -1.75402721e-05 -8.02055845e-05 -7.69259440e-06  2.62321971e-04  2.73644089e-03  1.00464606e-04 -5.46738809e-09
 3.60000000e+00  1.00000000e+02  0.00000000e+00  1.99206491e-03  3.94054502e-04  9.60960995e-07  5.39453753e-08  1.65790120e-07  8.55637823e-05  1.30579235e-05 -1.27478177e-07  1.08088435e-06  5.73013170e-07  6.99725595e-08
 3.60000000e+00  1.00000000e+02  1.00000000e+00 -1.47801729e-03 -1.78971004e-04 -4.36019652e-07 -8.97962335e-09 -1.45873018e-05 -6.34850491e-05 -5.93035463e-06  1.97649215e-04  2.11935156e-03  7.15468683e-05 -3.52319173e-09
 3.70000000e+00  1.00000000e+02  0.00000000e+00  1.67592702e-03  3.27259117e-04  8.40044578e-07  4.11748668e-08  1.26985560e-07  6.97288572e-05  1.05044949e-05 -9.91841998e-08  8.46102794e-07  4.44468906e-07  5.26353778e-08
 3.70000000e+00  1.00000000e+02  1.00000000e+00 -1.21708192e-03 -1.43909282e-04 -3.69081586e-07 -6.31298910e-09 -1.20664535e-05 -5.06386380e-05 -4.61904971e-06  1.50516072e-04  1.65435560e-03  5.15782718e-05 -2.31089346e-09
 3.80000000e+00  1.00000000e+02  0.00000000e+00  1.41763394e-03  2.73620407e-04  7.31220752e-07  3.17785767e-08  9.83176192e-08  5.72135453e-05  8.52011720e-06 -7.79116586e-08  6.68490088e-07  3.48273020e-07  4.00888429e-08
 3.80000000e+00  1.00000000e+02  1.00000000e+00 -1.00790491e-03 -1.16624665e-04 -3.11424441e-07 -4.49768139e-09 -9.95427811e-06 -4.06778970e-05 -3.63135101e-06  1.15738056e-04  1.30077755e-03  3.75996624e-05 -1.54030678e-09
 3.90000000e+00  1.00000000e+02  0.00000000e+00  1.20519846e-03  2.30187464e-04  6.34982032e-07  2.47747167e-08  7.68697768e-08  4.72398564e-05  6.96248310e-06 -6.17354573e-08  5.32620526e-07  2.75411315e-07  3.08793624e-08
 3.90000000e+00  1.00000000e+02  1.00000000e+00 -8.39100423e-04 -9.51943859e-05 -2.62413117e-07 -3.24352531e-09 -8.20422982e-06 -3.28902838e-05 -2.87922061e-06  8.97884938e-05  1.02968676e-03  2.76920267e-05 -1.04193069e-09
 4.00000000e+00  1.00000000e+02  0.00000000e+00  1.02940832e-03  1.94750410e-04  5.50789814e-07  1.94925527e-08  6.06394819e-08  3.92312328e-05  5.72862411e-06 -4.93070042e-08  4.27619862e-07  2.19610763e-07  2.40298115e-08
 4.00000000e+00  1.00000000e+02  1.00000000e+00 -7.02032616e-04 -7.82186416e-05 -2.21074723e-07 -2.36531424e-09 -6.76348342e-06 -2.67549921e-05 -2.30071996e-06  7.02271633e-05  8.20238474e-04  2.05891030e-05 -7.14392070e-10
 4.10000000e+00  1.00000000e+02  0.00000000e+00  8.83119300e-04  1.65635882e-04  4.77656783e-07  1.54661617e-08  4.82294420e-08  3.27560257e-05  4.74317541e-06 -3.96687873e-08  3.45738278e-07  1.76456091e-07  1.88758595e-08
 4.10000000e+00  1.00000000e+02  1.00000000e+00 -5.90093971e-04 -6.46661827e-05 -1.86372937e-07 -1.74272551e-09 -5.58172197e-06 -2.18874868e-05 -1.85171432e-06  5.53434526e-05  6.57265452e-04  1.54433132e-05 -4.95983286e-10
 4.20000000e+00  1.00000000e+02  0.00000000e+00  7.60739101e-04  1.41562088e-04  4.14400889e-07  1.23669193e-08  3.86498604e-08  2.74870278e-05  3.95013192e-06 -3.21300621e-08  2.81348286e-07  1.42777111e-07  1.49552664e-08
 4.20000000e+00  1.00000000e+02  1.00000000e+00 -4.98184298e-04 -5.37682478e-05 -1.57312522e-07 -1.29631286e-09 -4.61392317e-06 -1.80005037e-05 -1.50028231e-06  4.39206368e-05  5.29609642e-04  1.16789087e-05 -3.48354411e-10
 4.30000000e+00  1.00000000e+02  0.00000000e+00  6.57856990e-04  1.21538100e-04  3.59828985e-07  9.95986071e-09  3.11903052e-08  2.31741027e-05  3.30747489e-06 -2.61870120e-08  2.30326010e-07  1.16275705e-07  1.19432542e-08
 4.30000000e+00  1.00000000e+02  1.00000000e+00 -4.22337815e-04 -4.49460208e-05 -1.33001235e-07 -9.72842196e-10 -3.82160642e-06 -1.48776286e-05 -1.22308968e-06  3.50838160e-05  4.28994070e-04  8.90006083e-06 -2.47313892e-10
 4.40000000e+00  1.00000000e+02  0.00000000e+00  5.70967984e-04  1.04790759e-04  3.12810749e-07  8.07486655e-09  2.53345389e-08  1.96242380e-05  2.78332415e-06 -2.14677274e-08  1.89610478e-07  9.52629959e-08  9.60799817e-09
 4.40000000e+00  1.00000000e+02  1.00000000e+00 -3.59448498e-04 -3.77594633e-05 -1.12662701e-07 -7.36156761e-10 -3.17255886e-06 -1.23543469e-05 -1.00288245e-06  2.81966713e-05  3.49225378e-04  6.83135629e-06 -1.77350603e-10
 4.50000000e+00  1.00000000e+02  0.00000000e+00  4.97268418e-04  9.07119798e-05  2.72320742e-07  6.58735000e-09  2.07032425e-08  1.66873609e-05  2.35327802e-06 -1.76949582e-08  1.56908861e-07  7.84857921e-08  7.78228060e-09
 4.50000000e+00  1.00000000e+02  1.00000000e+00 -3.07067909e-04 -3.18711414e-05 -9.56362599e-08 -5.61390198e-10 -2.64023383e-06 -1.03046461e-05 -8.26780262e-07  2.27918946e-05  2.85634484e-04  5.27912240e-06 -1.28381642e-10
