Nondimensionalised mobility scalars, generated 05/09/2023 22:40:01. Time to generate 3h02m42s
             s'          lambda           gamma              xa              ya              yb              xc              yc              xg              yg              yh              xm              ym              zm 
 2.02500000e+00  1.00000000e-02  0.00000000e+00  9.99999993e-01  9.99998909e-01  1.11534819e-06  1.00000000e+00  9.99996579e-01 -3.73923099e-08  4.93070068e-07  1.51231041e-06  1.00000051e+00  1.00000161e+00  1.00000081e+00
 2.02500000e+00  1.00000000e-02  1.00000000e+00  9.99303377e-01  9.67835926e-01 -4.78769038e-01  9.35134141e-01 -4.45874115e-01 -5.08940501e-01 -2.28925041e-01  1.15931689e+00 -7.27347527e-07  1.29294217e-06 -9.08344790e-07
 2.05000000e+00  1.00000000e-02  0.00000000e+00  9.99999985e-01  9.99999039e-01  9.94296945e-07  1.00000000e+00  9.99996912e-01 -4.24038113e-08  4.08750158e-07  1.26917873e-06  1.00000030e+00  1.00000125e+00  1.00000071e+00
 2.05000000e+00  1.00000000e-02  1.00000000e+00  9.98291289e-01  9.50071867e-01 -4.66803425e-01  9.01297986e-01 -4.44014872e-01 -5.13101738e-01 -2.17799192e-01  1.12389136e+00 -5.49139102e-07  1.12580372e-06 -8.44881247e-07
 2.10000000e+00  1.00000000e-02  0.00000000e+00  9.99999963e-01  9.99999216e-01  8.31507520e-07  1.00000000e+00  9.99997355e-01 -3.45078069e-08  2.93122581e-07  9.32344651e-07  1.00000008e+00  1.00000079e+00  1.00000056e+00
 2.10000000e+00  1.00000000e-02  1.00000000e+00  9.95203213e-01  9.16928521e-01 -4.44669795e-01  8.38433226e-01 -4.17749013e-01 -5.18364351e-01 -1.97715333e-01  1.04752356e+00 -2.82489057e-07  8.89038153e-07 -7.46311126e-07
 2.20000000e+00  1.00000000e-02  0.00000000e+00  9.99999911e-01  9.99999461e-01  5.98815320e-07  1.00000000e+00  9.99998004e-01  1.95489747e-08  1.47996854e-07  4.93135591e-07  1.00000001e+00  1.00000029e+00  1.00000035e+00
 2.20000000e+00  1.00000000e-02  1.00000000e+00  9.85506136e-01  8.57410857e-01 -4.05103710e-01  7.29218815e-01 -3.64384585e-01 -5.20352285e-01 -1.64123590e-01  9.11467924e-01  1.01105306e-07  5.40636045e-07 -5.90936531e-07
 2.30000000e+00  1.00000000e-02  0.00000000e+00  9.99999862e-01  9.99999622e-01  4.38509876e-07  1.00000000e+00  9.99998472e-01  8.45271763e-08  6.80689926e-08  2.37097389e-07  1.00000012e+00  1.00000009e+00  1.00000022e+00
 2.30000000e+00  1.00000000e-02  1.00000000e+00  9.72322252e-01  8.05284767e-01 -3.70630887e-01  6.38178790e-01 -3.19025690e-01 -5.14410564e-01 -1.37385131e-01  7.97713599e-01  3.52421566e-07  2.96982178e-07 -4.73115417e-07
 2.40000000e+00  1.00000000e-02  0.00000000e+00  9.99999823e-01  9.99999731e-01  3.25492521e-07  1.00000000e+00  9.99998817e-01  1.39637600e-07  2.42683416e-08  8.81793162e-08  1.00000026e+00  1.00000002e+00  1.00000015e+00
 2.40000000e+00  1.00000000e-02  1.00000000e+00  9.56760161e-01  7.59250184e-01 -3.40384490e-01  5.61684117e-01 -2.80817845e-01 -5.03321855e-01 -1.15878536e-01  7.02103342e-01  5.14012616e-07  1.25443040e-07 -3.82417705e-07
 2.50000000e+00  1.00000000e-02  0.00000000e+00  9.99999795e-01  9.99999806e-01  2.44576660e-07  1.00000000e+00  9.99999074e-01  1.79383490e-07  8.26060893e-10  3.08573034e-09  1.00000038e+00  1.00000000e+00  1.00000010e+00
 2.50000000e+00  1.00000000e-02  1.00000000e+00  9.39627391e-01  7.18308962e-01 -3.13696748e-01  4.96942157e-01 -2.48460094e-01 -4.88978418e-01 -9.84207948e-02  6.21177660e-01  6.13901550e-07  4.87461325e-09 -3.11809994e-07
 2.60000000e+00  1.00000000e-02  0.00000000e+00  9.99999778e-01  9.99999858e-01  1.85851969e-07  1.00000000e+00  9.99999268e-01  2.04370563e-07 -1.11042180e-08 -4.37714950e-08  1.00000045e+00  1.00000001e+00  1.00000007e+00
 2.60000000e+00  1.00000000e-02  1.00000000e+00  9.21513185e-01  6.81667804e-01 -2.90029533e-01  4.41779767e-01 -2.20884285e-01 -4.72682497e-01 -8.41304353e-02  5.52225044e-01  6.71223120e-07 -7.93190723e-08 -2.56284078e-07
 2.70000000e+00  1.00000000e-02  0.00000000e+00  9.99999768e-01  9.99999895e-01  1.42700080e-07  1.00000000e+00  9.99999416e-01  2.17235658e-07 -1.65515105e-08 -6.77286876e-08  1.00000049e+00  1.00000002e+00  1.00000005e+00
 2.70000000e+00  1.00000000e-02  1.00000000e+00  9.02848306e-01  6.48687524e-01 -2.68943330e-01  3.94488705e-01 -1.97241253e-01 -4.55332259e-01 -7.23421413e-02  4.93111242e-01  6.99192432e-07 -1.37379817e-07 -2.12211415e-07
 2.80000000e+00  1.00000000e-02  0.00000000e+00  9.99999766e-01  9.99999922e-01  1.10625853e-07  1.00000000e+00  9.99999531e-01  2.20935646e-07 -1.83981667e-08 -7.80647700e-08  1.00000050e+00  1.00000003e+00  1.00000003e+00
 2.80000000e+00  1.00000000e-02  1.00000000e+00  8.83947659e-01  6.18847713e-01 -2.50075924e-01  3.53713611e-01 -1.76854979e-01 -4.37545917e-01 -6.25481234e-02  4.42142318e-01  7.07010076e-07 -1.76573729e-07 -1.76928172e-07
 2.90000000e+00  1.00000000e-02  0.00000000e+00  9.99999768e-01  9.99999941e-01  8.65307679e-08  1.00000000e+00  9.99999620e-01  2.18099950e-07 -1.83025703e-08 -8.04285089e-08  1.00000049e+00  1.00000004e+00  1.00000002e+00
 2.90000000e+00  1.00000000e-02  1.00000000e+00  8.65040897e-01  5.91720762e-01 -2.33126544e-01  3.18369805e-01 -1.59183774e-01 -4.19746230e-01 -5.43568713e-02  3.97962496e-01  7.01122017e-07 -2.02103224e-07 -1.48455718e-07
 3.00000000e+00  1.00000000e-02  0.00000000e+00  9.99999773e-01  9.99999955e-01  6.82499603e-08  1.00000000e+00  9.99999690e-01  2.10847742e-07 -1.72177559e-08 -7.82681940e-08  1.00000047e+00  1.00000005e+00  1.00000002e+00
 3.00000000e+00  1.00000000e-02  1.00000000e+00  8.46294554e-01  5.66952370e-01 -2.17843732e-01  2.87582266e-01 -1.43790408e-01 -4.02218713e-01 -4.74636870e-02  3.59478016e-01  6.86065328e-07 -2.17722759e-07 -1.25308494e-07
 3.10000000e+00  1.00000000e-02  0.00000000e+00  9.99999781e-01  9.99999965e-01  5.42518645e-08  1.00000000e+00  9.99999745e-01  2.00795409e-07 -1.56871205e-08 -7.36859892e-08  1.00000044e+00  1.00000005e+00  1.00000001e+00
 3.10000000e+00  1.00000000e-02  1.00000000e+00  8.27828214e-01  5.44246710e-01 -2.04015938e-01  2.60639830e-01 -1.30319434e-01 -3.85152145e-01 -4.16293628e-02  3.25799927e-01  6.65042751e-07 -2.26160409e-07 -1.06359977e-07
 3.20000000e+00  1.00000000e-02  0.00000000e+00  9.99999791e-01  9.99999973e-01  4.34402742e-08  1.00000000e+00  9.99999789e-01  1.89130913e-07 -1.40150745e-08 -6.79548668e-08  1.00000041e+00  1.00000005e+00  1.00000001e+00
 3.20000000e+00  1.00000000e-02  1.00000000e+00  8.09726389e-01  5.23355003e-01 -1.91464148e-01  2.36960485e-01 -1.18479915e-01 -3.68666972e-01 -3.66645763e-02  2.96200712e-01  6.40317270e-07 -2.29409987e-07 -9.07479368e-08
 3.30000000e+00  1.00000000e-02  0.00000000e+00  9.99999801e-01  9.99999979e-01  3.50220162e-08  1.00000000e+00  9.99999825e-01  1.76701839e-07 -1.23664957e-08 -6.18347445e-08  1.00000038e+00  1.00000005e+00  1.00000001e+00
 3.30000000e+00  1.00000000e-02  1.00000000e+00  7.92047325e-01  5.04066641e-01 -1.80036058e-01  2.16064813e-01 -1.08032178e-01 -3.52835384e-01 -3.24183469e-02  2.70081097e-01  6.13485734e-07 -2.28935661e-07 -7.78066860e-08
 3.40000000e+00  1.00000000e-02  0.00000000e+00  9.99999812e-01  9.99999983e-01  2.84173114e-08  1.00000000e+00  9.99999854e-01  1.64096133e-07 -1.08251269e-08 -5.57675702e-08  1.00000034e+00  1.00000005e+00  1.00000000e+00
 3.40000000e+00  1.00000000e-02  1.00000000e+00  7.74829572e-01  4.86202221e-01 -1.69601430e-01  1.97555495e-01 -9.87775854e-02 -3.37695572e-01 -2.87694124e-02  2.46944431e-01  5.85670284e-07 -2.25816671e-07 -6.70180843e-08
 3.50000000e+00  1.00000000e-02  0.00000000e+00  9.99999822e-01  9.99999987e-01  2.31982960e-08  1.00000000e+00  9.99999877e-01  1.51708962e-07 -9.42803872e-09 -4.99985861e-08  1.00000031e+00  1.00000005e+00  1.00000000e+00
 3.50000000e+00  1.00000000e-02  1.00000000e+00  7.58096900e-01  4.69608032e-01 -1.60048361e-01  1.81101369e-01 -9.05505671e-02 -3.23261915e-01 -2.56197279e-02  2.26376759e-01  5.57653338e-07 -2.20850630e-07 -5.79757476e-08
 3.60000000e+00  1.00000000e-02  0.00000000e+00  9.99999833e-01  9.99999990e-01  1.90463670e-08  1.00000000e+00  9.99999896e-01  1.39795211e-07 -8.18600924e-09 -4.46521148e-08  1.00000028e+00  1.00000005e+00  1.00000000e+00
 3.60000000e+00  1.00000000e-02  1.00000000e+00  7.41862008e-01  4.54151656e-01 -1.51280274e-01  1.66424922e-01 -8.32123752e-02 -3.09532284e-01 -2.28895214e-02  2.08031190e-01  5.29973463e-07 -2.14627861e-07 -5.03586483e-08
 3.70000000e+00  1.00000000e-02  0.00000000e+00  9.99999843e-01  9.99999992e-01  1.57222637e-08  1.00000000e+00  9.99999912e-01  1.28509413e-07 -7.09555589e-09 -3.97790821e-08  1.00000025e+00  1.00000004e+00  1.00000000e+00
 3.70000000e+00  1.00000000e-02  1.00000000e+00  7.26129336e-01  4.39718437e-01 -1.43213462e-01  1.53292425e-01 -7.66461484e-02 -2.96493280e-01 -2.05135036e-02  1.91615560e-01  5.02993890e-07 -2.07585307e-07 -4.39114664e-08
 3.80000000e+00  1.00000000e-02  0.00000000e+00  9.99999853e-01  9.99999993e-01  1.30448672e-08  1.00000000e+00  9.99999925e-01  1.17935490e-07 -6.14599358e-09 -3.53868454e-08  1.00000023e+00  1.00000004e+00  1.00000000e+00
 3.80000000e+00  1.00000000e-02  1.00000000e+00  7.10897194e-01  4.26208618e-01 -1.35775087e-01  1.41506072e-01 -7.07529879e-02 -2.84124014e-01 -1.84379388e-02  1.76882613e-01  4.76951758e-07 -2.00045906e-07 -3.84298396e-08
 3.90000000e+00  1.00000000e-02  0.00000000e+00  9.99999863e-01  9.99999994e-01  1.08760318e-08  1.00000000e+00  9.99999936e-01  1.08108581e-07 -5.32352064e-09 -3.14578769e-08  1.00000020e+00  1.00000004e+00  1.00000000e+00
 3.90000000e+00  1.00000000e-02  1.00000000e+00  6.96159384e-01  4.13535015e-01 -1.28901526e-01  1.30897709e-01 -6.54488177e-02 -2.72398810e-01 -1.66183669e-02  1.63622154e-01  4.51993667e-07 -1.92247526e-07 -3.37492025e-08
 4.00000000e+00  1.00000000e-02  0.00000000e+00  9.99999872e-01  9.99999995e-01  9.10963167e-09  1.00000000e+00  9.99999945e-01  9.90308554e-08 -4.61352830e-09 -2.79613976e-08  1.00000018e+00  1.00000003e+00  1.00000000e+00
 4.00000000e+00  1.00000000e-02  1.00000000e+00  6.81906441e-01  4.01621107e-01 -1.22537012e-01  1.21323768e-01 -6.06618561e-02 -2.61289158e-01 -1.50178174e-02  1.51654725e-01  4.28201447e-07 -1.84364364e-07 -2.97362768e-08
 4.10000000e+00  1.00000000e-02  0.00000000e+00  9.99999880e-01  9.99999996e-01  7.66358440e-09  1.00000000e+00  9.99999952e-01  9.06828737e-08 -4.00185253e-09 -2.48605401e-08  1.00000016e+00  1.00000003e+00  1.00000000e+00
 4.10000000e+00  1.00000000e-02  1.00000000e+00  6.68126580e-01  3.90399459e-01 -1.16632491e-01  1.12661180e-01 -5.63305682e-02 -2.50765089e-01 -1.36054017e-02  1.40826486e-01  4.05610895e-07 -1.76522846e-07 -2.62825356e-08
 4.20000000e+00  1.00000000e-02  0.00000000e+00  9.99999888e-01  9.99999997e-01  6.47399299e-09  1.00000000e+00  9.99999959e-01  8.30316434e-08 -3.47540106e-09 -2.21166751e-08  1.00000015e+00  1.00000003e+00  1.00000000e+00
 4.20000000e+00  1.00000000e-02  1.00000000e+00  6.54806417e-01  3.79810419e-01 -1.11144680e-01  1.04804033e-01 -5.24019993e-02 -2.40796168e-01 -1.23551962e-02  1.31005050e-01  3.84225426e-07 -1.68813509e-07 -2.32991508e-08
 4.30000000e+00  1.00000000e-02  0.00000000e+00  9.99999895e-01  9.99999997e-01  5.49081110e-09  1.00000000e+00  9.99999964e-01  7.60362823e-08 -3.02241732e-09 -1.96919420e-08  1.00000013e+00  1.00000003e+00  1.00000000e+00
 4.30000000e+00  1.00000000e-02  1.00000000e+00  6.41931524e-01  3.69801031e-01 -1.06035270e-01  9.76608498e-02 -4.88304114e-02 -2.31352172e-01 -1.12453504e-02  1.22076070e-01  3.64026022e-07 -1.61299908e-07 -2.07130600e-08
 4.40000000e+00  1.00000000e-02  0.00000000e+00  9.99999902e-01  9.99999998e-01  4.67461123e-09  1.00000000e+00  9.99999969e-01  6.96519404e-08 -2.63253862e-09 -1.75506487e-08  1.00000012e+00  1.00000002e+00  1.00000000e+00
 4.40000000e+00  1.00000000e-02  1.00000000e+00  6.29486846e-01  3.60324119e-01 -1.01270255e-01  9.11523430e-02 -4.55761608e-02 -2.22403561e-01 -1.02573722e-02  1.13940435e-01  3.44978494e-07 -1.54025324e-07 -1.84638881e-08
 4.50000000e+00  1.00000000e-02  0.00000000e+00  9.99999909e-01  9.99999998e-01  3.99415832e-09  1.00000000e+00  9.99999973e-01  6.38324711e-08 -2.29674331e-09 -1.56599665e-08  1.00000011e+00  1.00000002e+00  1.00000000e+00
 4.50000000e+00  1.00000000e-02  1.00000000e+00  6.17457025e-01  3.51337524e-01 -9.68193646e-02  8.52095603e-02 -4.26047716e-02 -2.13921794e-01 -9.37555042e-03  1.06511955e-01  3.27038764e-07 -1.47017833e-07 -1.65015208e-08
 2.02500000e+00  1.00000000e-01  0.00000000e+00  9.99868774e-01  9.99102891e-01  9.85463771e-04  9.99986063e-01  9.96747306e-01  1.73156461e-05  2.76985699e-04  9.04563124e-04  1.00009747e+00  1.00065447e+00  1.00042113e+00
 2.02500000e+00  1.00000000e-01  1.00000000e+00  9.94438522e-01  8.78958295e-01 -4.27926228e-01  7.31832018e-01 -1.36101013e-01 -5.10523251e-01 -1.72696841e-01  8.49941073e-01 -2.80834242e-06  9.10564307e-04 -6.62959236e-04
 2.05000000e+00  1.00000000e-01  0.00000000e+00  9.99860456e-01  9.99306658e-01  7.71985485e-04  9.99987849e-01  9.97416636e-01  4.48531700e-05  1.91350674e-04  6.31905181e-04  1.00008393e+00  1.00041251e+00  1.00035708e+00
 2.05000000e+00  1.00000000e-01  1.00000000e+00  9.89478642e-01  8.56311089e-01 -4.09871869e-01  7.02072972e-01 -2.08779622e-01 -5.13251770e-01 -1.61679934e-01  8.42126034e-01  1.67387929e-04  6.67564739e-04 -6.02829862e-04
 2.10000000e+00  1.00000000e-01  0.00000000e+00  9.99843039e-01  9.99507655e-01  5.61991878e-04  9.99990249e-01  9.98071234e-01  8.55260054e-05  1.08030808e-04  3.63781137e-04  1.00013156e+00  1.00019581e+00  1.00026762e+00
 2.10000000e+00  1.00000000e-01  1.00000000e+00  9.79885811e-01  8.21309957e-01 -3.84004306e-01  6.50698564e-01 -2.55852340e-01 -5.12720518e-01 -1.44708579e-01  8.00096499e-01  3.47828351e-04  4.15218715e-04 -5.14517550e-04
 2.20000000e+00  1.00000000e-01  0.00000000e+00  9.99811198e-01  9.99696167e-01  3.63355139e-04  9.99993363e-01  9.98692562e-01  1.44174281e-04  3.58328218e-05  1.23645509e-04  1.00026906e+00  1.00004793e+00  1.00016190e+00
 2.20000000e+00  1.00000000e-01  1.00000000e+00  9.60486416e-01  7.65551613e-01 -3.45321765e-01  5.64852637e-01 -2.58656077e-01 -5.02430896e-01 -1.18968277e-01  7.03883238e-01  5.31740192e-04  1.58407004e-04 -3.96068790e-04
 2.30000000e+00  1.00000000e-01  0.00000000e+00  9.99787406e-01  9.99795249e-01  2.55916591e-04  9.99995363e-01  9.99036885e-01  1.83600046e-04  4.80724227e-06  1.38766499e-05  1.00038222e+00  1.00001404e+00  1.00010239e+00
 2.30000000e+00  1.00000000e-01  1.00000000e+00  9.40361831e-01  7.19108096e-01 -3.14321683e-01  4.94117574e-01 -2.36850761e-01 -4.86872415e-01 -9.92929627e-02  6.17561034e-01  6.29197307e-04  1.28906504e-05 -3.14143566e-04
 2.40000000e+00  1.00000000e-01  0.00000000e+00  9.99772612e-01  9.99856832e-01  1.86646586e-04  9.99996706e-01  9.99266760e-01  2.07228430e-04 -9.48504015e-06 -4.07130159e-05  1.00045420e+00  1.00001509e+00  1.00006648e+00
 2.40000000e+00  1.00000000e-01  1.00000000e+00  9.19693468e-01  6.78727336e-01 -2.87958725e-01  4.34831359e-01 -2.12410830e-01 -4.68895713e-01 -8.36662126e-02  5.43855774e-01  6.80800416e-04 -8.02638706e-05 -2.52973549e-04
 2.50000000e+00  1.00000000e-01  0.00000000e+00  9.99765815e-01  9.99897624e-01  1.38954326e-04  9.99997627e-01  9.99431174e-01  2.18162264e-04 -1.55663576e-05 -6.65961977e-05  1.00048855e+00  1.00002581e+00  1.00004406e+00
 2.50000000e+00  1.00000000e-01  1.00000000e+00  8.98766579e-01  6.42999886e-01 -2.65030747e-01  3.84691028e-01 -1.89658788e-01 -4.49820862e-01 -7.10404787e-02  4.81201371e-01  7.02625291e-04 -1.41210658e-04 -2.05915596e-04
 2.60000000e+00  1.00000000e-01  0.00000000e+00  9.99765373e-01  9.99925560e-01  1.05011880e-04  9.99998267e-01  9.99552781e-01  2.19640843e-04 -1.74494087e-05 -7.67308829e-05  1.00049421e+00  1.00003693e+00  1.00002972e+00
 2.60000000e+00  1.00000000e-01  1.00000000e+00  8.77831459e-01  6.11061488e-01 -2.44849160e-01  3.41981236e-01 -1.69448690e-01 -4.30414795e-01 -6.07239383e-02  4.27754825e-01  7.04489530e-04 -1.80539597e-04 -1.69103227e-04
 2.70000000e+00  1.00000000e-01  0.00000000e+00  9.99769628e-01  9.99945116e-01  8.03412907e-05  9.99998720e-01  9.99644581e-01  2.14548514e-04 -1.72168846e-05 -7.82147721e-05  1.00048026e+00  1.00004540e+00  1.00002037e+00
 2.70000000e+00  1.00000000e-01  1.00000000e+00  8.57084148e-01  5.82296854e-01 -2.26943455e-01  3.05369995e-01 -1.51753284e-01 -4.11156316e-01 -5.22190862e-02  3.81925852e-01  6.93089135e-04 -2.04892221e-04 -1.39958903e-04
 2.80000000e+00  1.00000000e-01  0.00000000e+00  9.99777150e-01  9.99959040e-01  6.21261917e-05  9.99999044e-01  9.99714905e-01  2.05196826e-04 -1.59837267e-05 -7.50944522e-05  1.00045412e+00  1.00005064e+00  1.00001417e+00
 2.80000000e+00  1.00000000e-01  1.00000000e+00  8.36670421e-01  5.56235050e-01 -2.10961464e-01  2.73804863e-01 -1.36315816e-01 -3.92348480e-01 -4.51540732e-02  3.42415752e-01  6.73095387e-04 -2.18747253e-04 -1.16658302e-04
 2.90000000e+00  1.00000000e-01  0.00000000e+00  9.99786802e-01  9.99969095e-01  4.85029473e-05  9.99999278e-01  9.99769415e-01  1.93319304e-04 -1.43482297e-05 -6.97044279e-05  1.00042130e+00  1.00005306e+00  1.00000999e+00
 2.90000000e+00  1.00000000e-01  1.00000000e+00  8.16694632e-01  5.32501311e-01 -1.96626129e-01  2.46444963e-01 -1.22840510e-01 -3.74179561e-01 -3.92448953e-02  3.08174939e-01  6.47772724e-04 -2.25224348e-04 -9.78696453e-05
 3.00000000e+00  1.00000000e-01  0.00000000e+00  9.99797718e-01  9.99976447e-01  3.81993733e-05  9.99999450e-01  9.99812095e-01  1.80158003e-04 -1.26256270e-05 -6.33862507e-05  1.00038561e+00  1.00005329e+00  1.00000713e+00
 3.00000000e+00  1.00000000e-01  1.00000000e+00  7.97228584e-01  5.10790336e-01 -1.83713011e-01  2.22612438e-01 -1.11050410e-01 -3.56760695e-01 -3.42714712e-02  2.78353952e-01  6.19394120e-04 -2.26532776e-04 -8.26018231e-05
 3.10000000e+00  1.00000000e-01  0.00000000e+00  9.99809262e-01  9.99981883e-01  3.03280616e-05  9.99999577e-01  9.99845810e-01  1.66569462e-04 -1.09747254e-05 -5.68969186e-05  1.00034957e+00  1.00005196e+00  1.00000515e+00
 3.10000000e+00  1.00000000e-01  1.00000000e+00  7.78319080e-01  4.90849479e-01 -1.72036872e-01  2.01756559e-01 -1.00702821e-01 -3.40150613e-01 -3.00613500e-02  2.52261837e-01  5.89531426e-04 -2.24251939e-04 -7.01068463e-05
 3.20000000e+00  1.00000000e-01  0.00000000e+00  9.99820980e-01  9.99985944e-01  2.42596240e-05  9.99999672e-01  9.99872660e-01  1.53122440e-04 -9.46814149e-06 -5.06475058e-05  1.00031473e+00  1.00004961e+00  1.00000376e+00
 3.20000000e+00  1.00000000e-01  1.00000000e+00  7.59994013e-01  4.72467225e-01 -1.61442840e-01  1.83426692e-01 -9.15904933e-02 -3.24372432e-01 -2.64781435e-02  2.29333163e-01  5.59260676e-04 -2.19517388e-04 -5.98137723e-05
 3.30000000e+00  1.00000000e-01  0.00000000e+00  9.99832557e-01  9.99989006e-01  1.95414852e-05  9.99999744e-01  9.99894202e-01  1.40177737e-04 -8.13170264e-06 -4.48448305e-05  1.00028198e+00  1.00004664e+00  1.00000277e+00
 3.30000000e+00  1.00000000e-01  1.00000000e+00  7.42267121e-01  4.55464858e-01 -1.51800171e-01  1.67251675e-01 -8.35382558e-02 -3.09425263e-01 -2.34131028e-02  2.09102355e-01  5.29307385e-04 -2.13148145e-04 -5.12825183e-05
 3.40000000e+00  1.00000000e-01  0.00000000e+00  9.99843782e-01  9.99991337e-01  1.58443013e-05  9.99999798e-01  9.99911605e-01  1.27949566e-04 -6.96663480e-06 -3.95763274e-05  1.00025180e+00  1.00004335e+00  1.00000207e+00
 3.40000000e+00  1.00000000e-01  1.00000000e+00  7.25141658e-01  4.39690205e-01 -1.42997644e-01  1.52923923e-01 -7.63985244e-02 -2.95292288e-01 -2.07788757e-02  1.91183748e-01  5.00149457e-04 -2.05735549e-04 -4.41708896e-05
 3.50000000e+00  1.00000000e-01  0.00000000e+00  9.99854520e-01  9.99993124e-01  1.29258322e-05  9.99999840e-01  9.99925756e-01  1.16551057e-04 -5.96201903e-06 -3.48611086e-05  1.00022434e+00  1.00003996e+00  1.00000155e+00
 3.50000000e+00  1.00000000e-01  1.00000000e+00  7.08613207e-01  4.25012823e-01 -1.34940029e-01  1.40187075e-01 -7.00469333e-02 -2.81946421e-01 -1.85048188e-02  1.75256037e-01  4.72090225e-04 -1.97706085e-04 -3.82106708e-05
 3.60000000e+00  1.00000000e-01  0.00000000e+00  9.99864691e-01  9.99994507e-01  1.06061626e-05  9.99999872e-01  9.99937331e-01  1.06027207e-04 -5.10170697e-06 -3.06806785e-05  1.00019961e+00  1.00003660e+00  1.00000118e+00
 3.60000000e+00  1.00000000e-01  1.00000000e+00  6.92671815e-01  4.11320219e-01 -1.27545342e-01  1.28826306e-01 -6.43784767e-02 -2.69354268e-01 -1.65334394e-02  1.61050080e-01  4.45310362e-04 -1.89366262e-04 -3.31900722e-05
 3.70000000e+00  1.00000000e-01  0.00000000e+00  9.99874254e-01  9.99995583e-01  8.75046092e-06  9.99999898e-01  9.99946853e-01  9.63783159e-05 -4.36807183e-06 -2.69973103e-05  1.00017746e+00  1.00003337e+00  1.00000090e+00
 3.70000000e+00  1.00000000e-01  1.00000000e+00  6.77303622e-01  3.98514852e-01 -1.20742647e-01  1.18660685e-01 -5.93042422e-02 -2.57478895e-01 -1.48176701e-02  1.48339273e-01  4.19904830e-04 -1.80934927e-04 -2.89407009e-05
 3.80000000e+00  1.00000000e-01  0.00000000e+00  9.99883198e-01  9.99996428e-01  7.25683378e-06  9.99999917e-01  9.99954728e-01  8.75764200e-05 -3.74395680e-06 -2.37649110e-05  1.00015774e+00  1.00003032e+00  1.00000069e+00
 3.80000000e+00  1.00000000e-01  1.00000000e+00  6.62492085e-01  3.86511726e-01 -1.14470297e-01  1.09537092e-01 -5.47486940e-02 -2.46281748e-01 -1.33187625e-02  1.36931902e-01  3.95909238e-04 -1.72566693e-04 -2.53277988e-05
 3.90000000e+00  1.00000000e-01  0.00000000e+00  9.99891527e-01  9.99997094e-01  6.04767435e-06  9.99999933e-01  9.99961275e-01  7.95766568e-05 -3.21360472e-06 -2.09353069e-05  1.00014023e+00  1.00002748e+00  1.00000054e+00
 3.90000000e+00  1.00000000e-01  1.00000000e+00  6.48218911e-01  3.75236425e-01 -1.08674493e-01  1.01325361e-01 -5.06474350e-02 -2.35723974e-01 -1.20046495e-02  1.26665028e-01  3.73318647e-04 -1.64369030e-04 -2.22428653e-05
 4.00000000e+00  1.00000000e-01  0.00000000e+00  9.99899260e-01  9.99997624e-01  5.06343682e-06  9.99999945e-01  9.99966743e-01  7.23250129e-05 -2.76302183e-06 -1.84617416e-05  1.00012473e+00  1.00002486e+00  1.00000042e+00
 4.00000000e+00  1.00000000e-01  1.00000000e+00  6.34464748e-01  3.64623520e-01 -1.03308109e-01  9.39143580e-02 -4.69453673e-02 -2.25767312e-01 -1.08486601e-02  1.17399567e-01  3.52100981e-04 -1.56414788e-04 -1.95980362e-05
 4.10000000e+00  1.00000000e-01  0.00000000e+00  9.99906423e-01  9.99998047e-01  4.25811466e-06  9.99999955e-01  9.99971330e-01  6.57635138e-05 -2.38003685e-06 -1.63006910e-05  1.00011101e+00  1.00002246e+00  1.00000033e+00
 4.10000000e+00  1.00000000e-01  1.00000000e+00  6.21209714e-01  3.54615249e-01 -9.83297146e-02  8.72088157e-02 -4.35951815e-02 -2.16374681e-01 -9.82850703e-03  1.09016312e-01  3.32206583e-04 -1.48751419e-04 -1.73217702e-05
 4.20000000e+00  1.00000000e-01  0.00000000e+00  9.99913048e-01  9.99998387e-01  3.59592774e-06  9.99999963e-01  9.99975196e-01  5.98336211e-05 -2.05420493e-06 -1.44126726e-05  1.00009889e+00  1.00002028e+00  1.00000026e+00
 4.20000000e+00  1.00000000e-01  1.00000000e+00  6.08433778e-01  3.45160423e-01 -9.37027679e-02  8.11267506e-02 -4.05561135e-02 -2.07510551e-01 -8.92548230e-03  1.01412693e-01  3.13575005e-04 -1.41407788e-04 -1.53555145e-05
 4.30000000e+00  1.00000000e-01  0.00000000e+00  9.99919168e-01  9.99998661e-01  3.04887517e-06  9.99999969e-01  9.99978467e-01  5.44783865e-05 -1.77664136e-06 -1.27624685e-05  1.00008819e+00  1.00001831e+00  1.00000021e+00
 4.30000000e+00  1.00000000e-01  1.00000000e+00  5.96117047e-01  3.36213518e-01 -8.93949347e-02  7.55973515e-02 -3.77929197e-02 -1.99141159e-01 -8.12381529e-03  9.45001280e-02  2.96139795e-04 -1.34399224e-04 -1.36511103e-05
 4.40000000e+00  1.00000000e-01  0.00000000e+00  9.99924816e-01  9.99998884e-01  2.59491386e-06  9.99999974e-01  9.99981246e-01  4.96437489e-05 -1.53983178e-06 -1.13190186e-05  1.00007873e+00  1.00001653e+00  1.00000017e+00
 4.40000000e+00  1.00000000e-01  1.00000000e+00  5.84239973e-01  3.27733910e-01 -8.53775195e-02  7.05592433e-02 -3.52750288e-02 -1.91234619e-01 -7.41015749e-03  8.82018467e-02  2.79831852e-04 -1.27731266e-04 -1.21687628e-05
 4.50000000e+00  1.00000000e-01  0.00000000e+00  9.99930028e-01  9.99999066e-01  2.21659276e-06  9.99999979e-01  9.99983615e-01  4.52792508e-05 -1.33744392e-06 -1.00551408e-05  1.00007037e+00  1.00001492e+00  1.00000013e+00
 4.50000000e+00  1.00000000e-01  1.00000000e+00  5.72783496e-01  3.19685230e-01 -8.16249840e-02  6.59590512e-02 -3.29758382e-02 -1.83760957e-01 -6.77316664e-03  8.24510927e-02  2.64581752e-04 -1.21402453e-04 -1.08754413e-05
 2.02500000e+00  1.00000000e+00  0.00000000e+00  7.95011110e-01  9.57108360e-01  4.38514900e-02  9.76799134e-01  7.85308129e-01  1.60713237e-01  5.34961514e-03 -4.06307796e-02  1.32741834e+00  1.11058638e+00  1.01928914e+00
 2.02500000e+00  1.00000000e+00  1.00000000e+00  7.51561478e-01  4.45729721e-01 -1.27740913e-01  1.29252241e-01  2.13157614e-03 -3.01007651e-01 -4.97902936e-02  2.13251494e-01  4.97378724e-01 -1.07288053e-01 -6.42243096e-02
 2.05000000e+00  1.00000000e+00  0.00000000e+00  8.10899612e-01  9.65055444e-01  3.46591516e-02  9.80372852e-01  8.30594326e-01  1.46172361e-01  3.98697845e-03 -3.62951782e-02  1.29367968e+00  1.09365180e+00  1.01626618e+00
 2.05000000e+00  1.00000000e+00  1.00000000e+00  7.32229252e-01  4.34719331e-01 -1.23164751e-01  1.22611874e-01 -1.14144684e-02 -2.85270364e-01 -4.47199807e-02  1.92057499e-01  4.64236684e-01 -1.06921671e-01 -5.91351914e-02
 2.10000000e+00  1.00000000e+00  0.00000000e+00  8.35613376e-01  9.74064522e-01  2.46345087e-02  9.85188610e-01  8.78824263e-01  1.23905111e-01  2.60574196e-03 -3.05916128e-02  1.24282328e+00  1.07414351e+00  1.01215611e+00
 2.10000000e+00  1.00000000e+00  1.00000000e+00  7.00720594e-01  4.17673571e-01 -1.15932540e-01  1.11930670e-01 -2.30913871e-02 -2.60623742e-01 -3.82263050e-02  1.65805840e-01  4.13010977e-01 -1.05297449e-01 -5.10548596e-02
 2.20000000e+00  1.00000000e+00  0.00000000e+00  8.69646947e-01  9.83461672e-01  1.47032199e-02  9.90805812e-01  9.25846973e-01  9.40370600e-02  1.40195426e-03 -2.31144862e-02  1.17625953e+00  1.05259728e+00  1.00747943e+00
 2.20000000e+00  1.00000000e+00  1.00000000e+00  6.53456103e-01  3.90844352e-01 -1.04497967e-01  9.56025571e-02 -3.02401733e-02 -2.26052404e-01 -3.00507034e-02  1.33699676e-01  3.42877929e-01 -1.00737247e-01 -3.94784054e-02
 2.30000000e+00  1.00000000e+00  0.00000000e+00  8.92863236e-01  9.88576276e-01  9.59378094e-03  9.93972131e-01  9.50066237e-01  7.43106736e-02  8.69290454e-04 -1.79891295e-02  1.13363834e+00  1.03968977e+00  1.00491701e+00
 2.30000000e+00  1.00000000e+00  1.00000000e+00  6.17467118e-01  3.68713577e-01 -9.51550801e-02  8.29884152e-02 -3.10491333e-02 -2.01699997e-01 -2.45438727e-02  1.12358748e-01  2.94871193e-01 -9.55463223e-02 -3.13025488e-02
 2.40000000e+00  1.00000000e+00  0.00000000e+00  9.10048428e-01  9.91767701e-01  6.55636461e-03  9.95917556e-01  9.64674216e-01  6.01361944e-02  5.86347772e-04 -1.42049386e-02  1.10392811e+00  1.03081583e+00  1.00336245e+00
 2.40000000e+00  1.00000000e+00  1.00000000e+00  5.87944790e-01  3.49510538e-01 -8.71729841e-02  7.27405629e-02 -2.98112609e-02 -1.82980769e-01 -2.04379985e-02  9.64271458e-02  2.58845541e-01 -9.01743125e-02 -2.51950744e-02
 2.50000000e+00  1.00000000e+00  0.00000000e+00  9.23383272e-01  9.93896272e-01  4.62088768e-03  9.97168218e-01  9.74187210e-01  4.94470027e-02  4.19231208e-04 -1.13265116e-02  1.08220484e+00  1.02433082e+00  1.00236341e+00
 2.50000000e+00  1.00000000e+00  1.00000000e+00  5.62687387e-01  3.32483820e-01 -8.02231641e-02  6.42126702e-02 -2.78382986e-02 -1.67832057e-01 -1.72355677e-02  8.38874125e-02  2.30296026e-01 -8.48172053e-02 -2.05042076e-02
 2.60000000e+00  1.00000000e+00  0.00000000e+00  9.34053437e-01  9.95376522e-01  3.33338230e-03  9.97997153e-01  9.80683561e-01  4.11310509e-02  3.12471049e-04 -9.10128739e-03  1.06583318e+00  1.01943168e+00  1.00169615e+00
 2.60000000e+00  1.00000000e+00  1.00000000e+00  5.40489547e-01  3.17197565e-01 -7.41053429e-02  5.70124917e-02 -2.56538509e-02 -1.55145863e-01 -1.46725350e-02  7.37061452e-02  2.06836949e-01 -7.95833323e-02 -1.68385241e-02
 2.70000000e+00  1.00000000e+00  0.00000000e+00  9.42776946e-01  9.96437125e-01  2.45031243e-03  9.98559634e-01  9.85270510e-01  3.45207755e-02  2.39931429e-04 -7.36256804e-03  1.05323705e+00  1.01565522e+00  1.00123785e+00
 2.70000000e+00  1.00000000e+00  1.00000000e+00  5.20614827e-01  3.03357099e-01 -6.86787025e-02  5.08714436e-02 -2.34877341e-02 -1.44259449e-01 -1.25860191e-02  6.52657593e-02  1.87062640e-01 -7.45388538e-02 -1.39376765e-02
 2.80000000e+00  1.00000000e+00  0.00000000e+00  9.50022230e-01  9.97214792e-01  1.83009645e-03  9.98948817e-01  9.88592533e-01  2.91837291e-02  1.88218628e-04 -5.99288658e-03  1.04339940e+00  1.01270474e+00  1.00091621e+00
 2.80000000e+00  1.00000000e+00  1.00000000e+00  5.02578053e-01  2.90745207e-01 -6.38365493e-02  4.55925354e-02 -2.14412410e-02 -1.34746478e-01 -1.08662383e-02  5.81614725e-02  1.70081925e-01 -6.97250876e-02 -1.16186493e-02
 2.90000000e+00  1.00000000e+00  0.00000000e+00  9.56112311e-01  9.97795791e-01  1.38593650e-03  9.99222668e-01  9.91047864e-01  2.48234978e-02  1.49980879e-04 -4.90646774e-03  1.03562727e+00  1.01037673e+00  1.00068651e+00
 2.90000000e+00  1.00000000e+00  1.00000000e+00  4.86041531e-01  2.79193143e-01 -5.94945477e-02  4.10251749e-02 -1.95547291e-02 -1.26317780e-01 -9.43491206e-03  5.21112710e-02  1.55297538e-01 -6.51665541e-02 -9.74849718e-03
 3.00000000e+00  1.00000000e+00  0.00000000e+00  9.61279741e-01  9.98236742e-01  1.06254081e-03  9.99418264e-01  9.92893534e-01  2.12280095e-02  1.20927347e-04 -4.03935502e-03  1.02942970e+00  1.00852532e+00  1.00052004e+00
 3.00000000e+00  1.00000000e+00  1.00000000e+00  4.70760170e-01  2.68565327e-01 -5.55842955e-02  3.70511549e-02 -1.78386690e-02 -1.18768967e-01 -8.23406623e-03  4.69099769e-02  1.42290488e-01 -6.08755598e-02 -8.22854979e-03
 3.10000000e+00  1.00000000e+00  0.00000000e+00  9.65697776e-01  9.98575966e-01  8.23642186e-04  9.99559858e-01  9.94301070e-01  1.82404757e-02  9.84000245e-05 -3.34323493e-03  1.02444881e+00  1.00704296e+00  1.00039784e+00
 3.10000000e+00  1.00000000e+00  1.00000000e+00  4.56550039e-01  2.58750308e-01 -5.20493419e-02  3.35759959e-02 -1.62889456e-02 -1.11950569e-01 -7.21962286e-03  4.24033972e-02  1.30755036e-01 -5.68553581e-02 -6.98443137e-03
 3.20000000e+00  1.00000000e+00  0.00000000e+00  9.69499054e-01  9.98840042e-01  6.44877616e-04  9.99663622e-01  9.95388050e-01  1.57420452e-02  8.06654736e-05 -2.78126520e-03  1.02041819e+00  1.00584884e+00  1.00030713e+00
 3.20000000e+00  1.00000000e+00  1.00000000e+00  4.43269236e-01  2.49654965e-01 -4.88425275e-02  3.05231797e-02 -1.48946854e-02 -1.05750009e-01 -6.35741094e-03  3.84727113e-02  1.20460267e-01 -5.31025845e-02 -5.95939215e-03
 3.30000000e+00  1.00000000e+00  0.00000000e+00  9.72787357e-01  9.99047793e-01  5.09551258e-04  9.99740521e-01  9.96236862e-01  1.36408700e-02  6.65405923e-05 -2.32515185e-03  1.01713637e+00  1.00488146e+00  1.00023909e+00
 3.30000000e+00  1.00000000e+00  1.00000000e+00  4.30805648e-01  2.41200536e-01 -4.59240776e-02  2.78300958e-02 -1.36423334e-02 -1.00080250e-01 -5.62054753e-03  3.50245088e-02  1.11226464e-01 -4.96091968e-02 -5.10968738e-03
 3.40000000e+00  1.00000000e+00  0.00000000e+00  9.75645328e-01  9.99212784e-01  4.06022753e-04  9.99798106e-01  9.96906327e-01  1.18648941e-02  5.51869878e-05 -1.95302916e-03  1.01444907e+00  1.00409357e+00  1.00018758e+00
 3.40000000e+00  1.00000000e+00  1.00000000e+00  4.19068840e-01  2.33319750e-01 -4.32601840e-02  2.54450814e-02 -1.25177768e-02 -9.48724118e-02 -4.98763664e-03  3.19841464e-02  1.02910137e-01 -4.63640121e-02 -4.40129441e-03
 3.50000000e+00  1.00000000e+00  0.00000000e+00  9.78139706e-01  9.99344943e-01  3.26052242e-04  9.99841643e-01  9.97439119e-01  1.03569148e-02  4.59924602e-05 -1.64790281e-03  1.01223699e+00  1.00344857e+00  1.00014824e+00
 3.50000000e+00  1.00000000e+00  1.00000000e+00  4.07984513e-01  2.25954700e-01 -4.08219248e-02  2.33251996e-02 -1.15074053e-02 -9.00708383e-02 -4.44148190e-03  2.92911714e-02  9.53942330e-02 -4.33538966e-02 -3.80753798e-03
 3.60000000e+00  1.00000000e+00  0.00000000e+00  9.80325010e-01  9.99451632e-01  2.63727148e-04  9.99874855e-01  9.97866641e-01  9.07107920e-03  3.84993772e-05 -1.39649539e-03  1.01040707e+00  1.00291797e+00  1.00011795e+00
 3.60000000e+00  1.00000000e+00  1.00000000e+00  3.97490610e-01  2.19055197e-01 -3.85844169e-02  2.14345402e-02 -1.05986110e-02 -8.56297186e-02 -3.96814824e-03  2.68960646e-02  8.85815609e-02 -4.05646633e-02 -3.30734819e-03
 3.70000000e+00  1.00000000e+00  0.00000000e+00  9.82246195e-01  9.99538381e-01  2.14752303e-04  9.99900403e-01  9.98212292e-01  7.97033861e-03  3.23593760e-05 -1.18837635e-03  1.00888619e+00  1.00247941e+00  1.00009446e+00
 3.70000000e+00  1.00000000e+00  1.00000000e+00  3.87534543e-01  2.12577490e-01 -3.65261436e-02  1.97428985e-02 -9.77997874e-03 -8.15107358e-02 -3.55626146e-03  2.47578683e-02  8.23902529e-02 -3.79817305e-02 -2.88396775e-03
 3.80000000e+00  1.00000000e+00  0.00000000e+00  9.83940629e-01  9.99609386e-01  1.75972204e-04  9.99920209e-01  9.98493704e-01  7.02454978e-03  2.73034942e-05 -1.01531209e-03  1.00761654e+00  1.00211527e+00  1.00007610e+00
 3.80000000e+00  1.00000000e+00  1.00000000e+00  3.78071172e-01  2.06483239e-01 -3.46284142e-02  1.82247366e-02 -9.04131321e-03 -7.76813895e-02 -3.19647737e-03  2.28424211e-02  7.67505404e-02 -3.55905898e-02 -2.52398323e-03
 3.90000000e+00  1.00000000e+00  0.00000000e+00  9.85439579e-01  9.99667863e-01  1.45044506e-04  9.99935678e-01  9.98724302e-01  6.20904339e-03  2.31217416e-05 -8.70770284e-04  1.00655212e+00  1.00181160e+00  1.00006167e+00
 3.90000000e+00  1.00000000e+00  1.00000000e+00  3.69061302e-01  2.00738685e-01 -3.28749244e-02  1.68583586e-02 -8.37358381e-03 -7.41137804e-02 -2.88107424e-03  2.11210203e-02  7.16024050e-02 -3.33771276e-02 -2.21659250e-03
 4.00000000e+00  1.00000000e+00  0.00000000e+00  9.86769359e-01  9.99716298e-01  1.20213740e-04  9.99947843e-01  9.98914403e-01  5.50352186e-03  1.96486882e-05 -7.49543102e-04  1.00565613e+00  1.00155728e+00  1.00005024e+00
 4.00000000e+00  1.00000000e+00  1.00000000e+00  3.60470571e-01  1.95313979e-01 -3.12513965e-02  1.56252497e-02 -7.76882817e-03 -7.07837140e-02 -2.60363652e-03  1.95693937e-02  6.68938209e-02 -3.13278349e-02 -1.95304646e-03
 4.10000000e+00  1.00000000e+00  0.00000000e+00  9.87952227e-01  9.99756631e-01  1.00152507e-04  9.99957472e-01  9.99072004e-01  4.89120400e-03  1.67530355e-05 -6.47458895e-04  1.00489900e+00  1.00134343e+00  1.00004114e+00
 4.10000000e+00  1.00000000e+00  1.00000000e+00  3.52268577e-01  1.90182620e-01 -2.97452821e-02  1.45095438e-02 -7.22004794e-03 -6.76700228e-02 -2.35880698e-03  1.81668938e-02  6.25794092e-02 -2.94299354e-02 -1.72622031e-03
 4.20000000e+00  1.00000000e+00  0.00000000e+00  9.89007100e-01  9.99790388e-01  8.38487201e-05  9.99965141e-01  9.99203352e-01  4.35815426e-03  1.43299150e-05 -5.61160519e-04  1.00425682e+00  1.00116291e+00  1.00003386e+00
 4.20000000e+00  1.00000000e+00  1.00000000e+00  3.44428228e-01  1.85320996e-01 -2.83455154e-02  1.34975906e-02 -6.72109700e-03 -6.47540517e-02 -2.14209116e-03  1.68958653e-02  5.86193855e-02 -2.76714532e-02 -1.53028206e-03
 4.30000000e+00  1.00000000e+00  0.00000000e+00  9.89950116e-01  9.99818773e-01  7.05246766e-05  9.99971284e-01  9.99313365e-01  3.89275231e-03  1.22951063e-05 -4.87934081e-04  1.00371019e+00  1.00100993e+00  1.00002799e+00
 4.30000000e+00  1.00000000e+00  1.00000000e+00  3.36925216e-01  1.80707995e-01 -2.70423068e-02  1.25776019e-02 -6.26657945e-03 -6.20192558e-02 -1.94970167e-03  1.57411388e-02  5.49787190e-02 -2.60412392e-02 -1.36043456e-03
 4.40000000e+00  1.00000000e+00  0.00000000e+00  9.90795097e-01  9.99842749e-01  5.95783947e-05  9.99976233e-01  9.99405940e-01  3.48527056e-03  1.05806388e-05 -4.25576041e-04  1.00324331e+00  1.00087984e+00  1.00002325e+00
 4.40000000e+00  1.00000000e+00  1.00000000e+00  3.29737608e-01  1.76324680e-01 -2.58269695e-02  1.17393618e-02 -5.85175579e-03 -5.94508825e-02 -1.77843365e-03  1.46896235e-02  5.16264520e-02 -2.45289668e-02 -1.21271344e-03
 4.50000000e+00  1.00000000e+00  0.00000000e+00  9.91553922e-01  9.99863085e-01  5.05406937e-05  9.99980240e-01  9.99484186e-01  3.12753688e-03  9.13141139e-06 -3.72289593e-04  1.00284321e+00  1.00076881e+00  1.00001939e+00
 4.50000000e+00  1.00000000e+00  1.00000000e+00  3.22845514e-01  1.72154011e-01 -2.46917735e-02  1.09739871e-02 -5.47245899e-03 -5.70357164e-02 -1.62556440e-03  1.37299759e-02  4.85351391e-02 -2.31251094e-02 -1.08382797e-03
 2.02500000e+00  1.00000000e+01  0.00000000e+00  2.32651436e-01  6.68051627e-01  2.61311390e-02  9.22208680e-01  7.55706411e-01  3.29921732e-01  1.03248048e-01 -9.43184906e-02  1.67819928e+00  1.49350911e+00  1.10850012e+00
 2.02500000e+00  1.00000000e+01  1.00000000e+00  9.94432161e-02  8.78957998e-02 -3.36938938e-03  7.31828804e-04 -1.36104957e-04 -2.93736150e-03 -4.25881038e-03  1.41003445e-03 -2.80368127e-03  9.10564217e-01 -6.62959236e-01
 2.05000000e+00  1.00000000e+01  0.00000000e+00  3.28804061e-01  7.36852966e-01  1.88617350e-02  9.48340848e-01  8.45174974e-01  2.52926055e-01  7.25577501e-02 -6.16892210e-02  1.44858263e+00  1.31764858e+00  1.07583150e+00
 2.05000000e+00  1.00000000e+01  1.00000000e+00  9.89476119e-02  8.56310973e-02 -3.52730784e-03  7.02071986e-04 -2.08780450e-04 -2.84619222e-03 -3.51590419e-03  1.18032319e-03  1.67389669e-01  6.67564682e-01 -6.02829862e-01
 2.10000000e+00  1.00000000e+01  0.00000000e+00  4.65450508e-01  8.14515402e-01  1.11223714e-02  9.73249959e-01  9.21946827e-01  1.68436638e-01  4.40669540e-02 -3.30558231e-02  1.24325695e+00  1.16874169e+00  1.04131116e+00
 2.10000000e+00  1.00000000e+01  1.00000000e+00  9.79885333e-02  8.21309886e-02 -3.55346761e-03  6.50698054e-04 -2.55852536e-04 -2.82436905e-03 -2.79000089e-03  9.60611941e-04  3.47828152e-01  4.15218679e-01 -5.14517550e-01
 2.20000000e+00  1.00000000e+01  0.00000000e+00  6.29842785e-01  8.91472560e-01  5.00727192e-03  9.90291771e-01  9.71320067e-01  9.25545223e-02  2.13755539e-02 -1.32754540e-02  1.09969261e+00  1.06694092e+00  1.01560966e+00
 2.20000000e+00  1.00000000e+01  1.00000000e+00  9.60486295e-02  7.65551599e-02 -3.35114128e-03  5.64852634e-04 -2.58656192e-04 -2.93233491e-03 -2.09477537e-03  7.55964271e-04  5.31740083e-01  1.58406999e-01 -3.96068790e-01
 2.30000000e+00  1.00000000e+01  0.00000000e+00  7.26279535e-01  9.29966827e-01  2.71628468e-03  9.95616637e-01  9.86575595e-01  5.82886376e-02  1.20612948e-02 -6.59263987e-03  1.05017978e+00  1.03249985e+00  1.00705806e+00
 2.30000000e+00  1.00000000e+01  1.00000000e+00  9.40361791e-02  7.19108093e-02 -3.09821951e-03  4.94117574e-04 -2.36850785e-04 -3.04601078e-03 -1.69261410e-03  6.38612235e-04  6.29197307e-01  1.28906488e-02 -3.14143566e-01
 2.40000000e+00  1.00000000e+01  0.00000000e+00  7.89296336e-01  9.52242506e-01  1.63779083e-03  9.97744573e-01  9.92783912e-01  3.96107334e-02  7.38104541e-03 -3.70162457e-03  1.02841311e+00  1.01771323e+00  1.00357714e+00
 2.40000000e+00  1.00000000e+01  1.00000000e+00  9.19693383e-02  6.78727330e-02 -2.85720635e-03  4.34831359e-04 -2.12410872e-04 -3.11865411e-03 -1.40599867e-03  5.53518697e-04  6.80800416e-01 -8.02638706e-02 -2.52973549e-01
 2.50000000e+00  1.00000000e+01  0.00000000e+00  8.33209864e-01  9.66175200e-01  1.05641901e-03  9.98732324e-01  9.95748313e-01  2.83103025e-02  4.76972560e-03 -2.25869576e-03  1.01743204e+00  1.01045400e+00  1.00196784e+00
 2.50000000e+00  1.00000000e+01  1.00000000e+00  8.98766565e-02  6.42999886e-02 -2.63823089e-03  3.84691028e-04 -1.89658792e-04 -3.14797626e-03 -1.18526422e-03  4.86045553e-04  7.02625291e-01 -1.41210656e-01 -2.05915596e-01
 2.60000000e+00  1.00000000e+01  0.00000000e+00  8.65182802e-01  9.75349355e-01  7.14082647e-04  9.99240360e-01  9.97324507e-01  2.09838947e-02  3.20910674e-03 -1.46429916e-03  1.01134278e+00  1.00654520e+00  1.00115199e+00
 2.60000000e+00  1.00000000e+01  1.00000000e+00  8.77831457e-02  6.11061488e-02 -2.44157429e-03  3.41981236e-04 -1.69448690e-04 -3.14114490e-03 -1.00910329e-03  4.30348548e-04  7.04489530e-01 -1.80539597e-01 -1.69103227e-01
 2.70000000e+00  1.00000000e+01  0.00000000e+00  8.89223774e-01  9.81622371e-01  4.99705851e-04  9.99522027e-01  9.98230575e-01  1.59906245e-02  2.22841291e-03 -9.94122203e-04  1.00772086e+00  1.00429037e+00  1.00070819e+00
 2.70000000e+00  1.00000000e+01  1.00000000e+00  8.57084147e-02  5.82296851e-02 -2.26528538e-03  3.05369995e-04 -1.51753304e-04 -3.10656294e-03 -8.65706312e-04  3.83388010e-04  6.93089135e-01 -2.04892221e-01 -1.39958903e-01
 2.80000000e+00  1.00000000e+01  0.00000000e+00  9.07755178e-01  9.86039717e-01  3.59241657e-04  9.99687423e-01  9.98783298e-01  1.24556539e-02  1.58769701e-03 -6.99883781e-04  1.00544639e+00  1.00291797e+00  1.00045296e+00
 2.80000000e+00  1.00000000e+01  1.00000000e+00  8.36670392e-02  5.56235050e-02 -2.10703192e-03  2.73804863e-04 -1.36315821e-04 -3.05164397e-03 -7.47455155e-04  3.43275181e-04  6.73095387e-01 -2.18747253e-01 -1.16658302e-01
 2.90000000e+00  1.00000000e+01  0.00000000e+00  9.22326167e-01  9.89225580e-01  2.63950254e-04  9.99789066e-01  9.99136641e-01  9.87682405e-03  1.15573768e-03 -5.07395071e-04  1.00395464e+00  1.00204567e+00  1.00029937e+00
 2.90000000e+00  1.00000000e+01  1.00000000e+00  8.16694620e-02  5.32501310e-02 -1.96460372e-03  2.46444963e-04 -1.22840511e-04 -2.98237201e-03 -6.48992800e-04  3.08697894e-04  6.47772724e-01 -2.25224348e-01 -9.78696453e-02
 3.00000000e+00  1.00000000e+01  0.00000000e+00  9.33971554e-01  9.91569648e-01  1.97485481e-04  9.99853886e-01  9.99371262e-01  7.94920912e-03  8.56835234e-04 -3.76846727e-04  1.00294095e+00  1.00147111e+00  1.00020341e+00
 3.00000000e+00  1.00000000e+01  1.00000000e+00  7.97228579e-02  5.10790336e-02 -1.83603845e-03  2.22612438e-04 -1.11050411e-04 -2.90339105e-03 -5.66361536e-04  2.78681644e-04  6.19394120e-01 -2.26532776e-01 -8.26018231e-02
 3.10000000e+00  1.00000000e+01  0.00000000e+00  9.43407100e-01  9.93324043e-01  1.50058341e-04  9.99896517e-01  9.99532019e-01  6.47904390e-03  6.45388975e-04 -2.85621133e-04  1.00223150e+00  1.00108114e+00  1.00014152e+00
 3.10000000e+00  1.00000000e+01  1.00000000e+00  7.78319078e-02  4.90849479e-02 -1.71963362e-03  2.01756559e-04 -1.00702821e-04 -2.81823429e-03 -4.96547338e-04  2.52472432e-04  5.89531426e-01 -2.24251939e-01 -7.01068463e-02
 3.20000000e+00  1.00000000e+01  0.00000000e+00  9.51142179e-01  9.94656721e-01  1.15560538e-04  9.99925294e-01  9.99645120e-01  5.33855832e-03  4.92938083e-04 -2.20249783e-04  1.00172248e+00  1.00080960e+00  1.00010050e+00
 3.20000000e+00  1.00000000e+01  1.00000000e+00  7.59994012e-02  4.72467225e-02 -1.61392370e-03  1.83426692e-04 -9.15904934e-05 -2.72955455e-03 -4.37208394e-04  2.29471528e-04  5.59260679e-01 -2.19517388e-01 -5.98137723e-02
 3.30000000e+00  1.00000000e+01  0.00000000e+00  9.57547986e-01  9.95682361e-01  9.00509126e-05  9.99945161e-01  9.99726510e-01  4.44086033e-03  3.81180682e-04 -1.72389148e-04  1.00134940e+00  1.00061630e+00  1.00007267e+00
 3.30000000e+00  1.00000000e+01  1.00000000e+00  7.42267120e-02  4.55464858e-02 -1.51764921e-03  1.67251675e-04 -8.35382558e-05 -2.63932329e-03 -3.86498739e-04  2.09195055e-04  5.29307385e-01 -2.13148145e-01 -5.12825183e-02
 3.40000000e+00  1.00000000e+01  0.00000000e+00  9.62900502e-01  9.96480930e-01  7.09148110e-05  9.99959147e-01  9.99786238e-01  3.72529588e-03  2.98043238e-04 -1.36693855e-04  1.00107089e+00  1.00047599e+00  1.00005339e+00
 3.40000000e+00  1.00000000e+01  1.00000000e+00  7.25141658e-02  4.39690205e-02 -1.42972644e-03  1.52923923e-04 -7.63985244e-05 -2.54899073e-03 -3.42946922e-04  1.91246945e-04  5.00149457e-01 -2.05735549e-01 -4.41708896e-02
 3.50000000e+00  1.00000000e+01  0.00000000e+00  9.67408500e-01  9.97109229e-01  5.63767570e-05  9.99969163e-01  9.99830826e-01  3.14855928e-03  2.35379836e-04 -1.09637856e-04  1.00085960e+00  1.00037240e+00  1.00003979e+00
 3.50000000e+00  1.00000000e+01  1.00000000e+00  7.08613207e-02  4.25012823e-02 -1.34922053e-03  1.40187075e-04 -7.00469333e-05 -2.45961067e-03 -3.05369206e-04  1.75299801e-04  4.72090225e-01 -1.97706085e-01 -3.82106708e-02
 3.60000000e+00  1.00000000e+01  0.00000000e+00  9.71232278e-01  9.97608258e-01  4.52059186e-05  9.99976447e-01  9.99864617e-01  2.67913727e-03  1.87588972e-04 -8.88368246e-05  1.00069703e+00  1.00029475e+00  1.00003004e+00
 3.60000000e+00  1.00000000e+01  1.00000000e+00  6.92671815e-02  4.11320219e-02 -1.27532253e-03  1.28826306e-04 -6.43784767e-05 -2.37193664e-03 -2.72805806e-04  1.61080820e-04  4.45310362e-01 -1.89366262e-01 -3.31900722e-02
 3.70000000e+00  1.00000000e+01  0.00000000e+00  9.74496554e-01  9.98008045e-01  3.65342996e-05  9.99981817e-01  9.99890574e-01  2.29369612e-03  1.50749117e-04 -7.26416141e-05  1.00057036e+00  1.00023574e+00  1.00002294e+00
 3.70000000e+00  1.00000000e+01  1.00000000e+00  6.77303622e-02  3.98514852e-02 -1.20733008e-03  1.18660685e-04 -5.93042422e-05 -2.28649526e-03 -2.44473090e-04  1.48361147e-04  4.19904830e-01 -1.80934927e-01 -2.89407009e-02
 3.80000000e+00  1.00000000e+01  0.00000000e+00  9.77299496e-01  9.98330864e-01  2.97399662e-05  9.99985826e-01  9.99910753e-01  1.97470249e-03  1.22072993e-04 -5.98894144e-05  1.00047055e+00  1.00019034e+00  1.00001770e+00
 3.80000000e+00  1.00000000e+01  1.00000000e+00  6.62492085e-02  3.86511726e-02 -1.14463123e-03  1.09537092e-04 -5.47486940e-05 -2.20364207e-03 -2.19727218e-04  1.36947653e-04  3.95909238e-01 -1.72566693e-01 -2.53277988e-02
 3.90000000e+00  1.00000000e+01  0.00000000e+00  9.79719180e-01  9.98593437e-01  2.43710792e-05  9.99988852e-01  9.99926614e-01  1.70880464e-03  9.95514991e-05 -4.97459027e-05  1.00039110e+00  1.00015502e+00  1.00001380e+00
 3.90000000e+00  1.00000000e+01  1.00000000e+00  6.48218911e-02  3.75236425e-02 -1.08669102e-03  1.01325361e-04 -5.06474350e-05 -2.12360406e-03 -1.98036159e-04  1.26676495e-04  3.73318647e-01 -1.64369030e-01 -2.22428653e-02
 4.00000000e+00  1.00000000e+01  0.00000000e+00  9.81818290e-01  9.98808448e-01  2.00953254e-05  9.99991159e-01  9.99939203e-01  1.48571179e-03  8.17175455e-05 -4.16029355e-05  1.00032728e+00  1.00012725e+00  1.00001085e+00
 4.00000000e+00  1.00000000e+01  1.00000000e+00  6.34464748e-02  3.64623520e-02 -1.03304021e-03  9.39143580e-05 -4.69453673e-05 -2.04651200e-03 -1.78957921e-04  1.17408001e-04  3.52100981e-01 -1.56414788e-01 -1.95980362e-02
 4.10000000e+00  1.00000000e+01  0.00000000e+00  9.83647575e-01  9.98985618e-01  1.66654300e-05  9.99992936e-01  9.99949286e-01  1.29740849e-03  6.74877656e-05 -3.50110941e-05  1.00027559e+00  1.00010523e+00  1.00000860e+00
 4.10000000e+00  1.00000000e+01  1.00000000e+00  6.21209714e-02  3.54615249e-02 -9.83265890e-04  8.72088157e-05 -4.35951815e-05 -1.97242497e-03 -1.62123484e-04  1.09022574e-04  3.32206583e-01 -1.48751419e-01 -1.73217702e-02
 4.20000000e+00  1.00000000e+01  0.00000000e+00  9.85248445e-01  9.99132459e-01  1.38955543e-05  9.99994316e-01  9.99957428e-01  1.13758913e-03  5.60532407e-05 -2.96339159e-05  1.00023339e+00  1.00008760e+00  1.00000687e+00
 4.20000000e+00  1.00000000e+01  1.00000000e+00  6.08433778e-02  3.45160423e-02 -9.37003594e-04  8.11267506e-05 -4.05561135e-05 -1.90134915e-03 -1.47223308e-04  1.01417383e-04  3.13575005e-01 -1.41407788e-01 -1.53555145e-02
 4.30000000e+00  1.00000000e+01  0.00000000e+00  9.86654926e-01  9.99254827e-01  1.16446609e-05  9.99995396e-01  9.99964054e-01  1.00124980e-03  4.68042147e-05 -2.52166318e-05  1.00019871e+00  1.00007339e+00  1.00000553e+00
 4.30000000e+00  1.00000000e+01  1.00000000e+00  5.96117047e-02  3.36213518e-02 -8.93930651e-04  7.55973515e-05 -3.77929197e-05 -1.83325203e-03 -1.33996596e-04  9.45036694e-05  2.96139795e-01 -1.34399224e-01 -1.36511103e-02
 4.40000000e+00  1.00000000e+01  0.00000000e+00  9.87895159e-01  9.99357324e-01  9.80478588e-06  9.99996248e-01  9.99969484e-01  8.84386974e-04  3.92767978e-05 -2.15642658e-05  1.00017002e+00  1.00006184e+00  1.00000447e+00
 4.40000000e+00  1.00000000e+01  1.00000000e+00  5.84239973e-02  3.27733910e-02 -8.53760582e-04  7.05592433e-05 -3.52750288e-05 -1.76807332e-03 -1.22222705e-04  8.82045418e-05  2.79831852e-01 -1.27731266e-01 -1.21687628e-02
 4.50000000e+00  1.00000000e+01  0.00000000e+00  9.88992559e-01  9.99443589e-01  8.29259924e-06  9.99996925e-01  9.99973962e-01  7.83773663e-04  3.31151328e-05 -1.85261622e-05  1.00014613e+00  1.00005239e+00  1.00000365e+00
 4.50000000e+00  1.00000000e+01  1.00000000e+00  5.72783496e-02  3.19685230e-02 -8.16238344e-04  6.59590512e-05 -3.29758382e-05 -1.70573314e-03 -1.11714222e-04  8.24531587e-05  2.64581752e-01 -1.21402453e-01 -1.08754413e-02
 2.02500000e+00  1.00000000e+02  0.00000000e+00  5.64179521e-01  7.85240225e-01  3.80891008e-03  9.90630179e-01  9.76137660e-01  6.44086247e-02  2.30476549e-02 -7.71623774e-03  1.05301238e+00  1.04289942e+00  1.01563689e+00
 2.02500000e+00  1.00000000e+02  1.00000000e+00  9.99303150e-03  9.67834676e-03 -4.71079958e-05  9.35134141e-07 -4.45918822e-07 -5.48871994e-06 -3.97409675e-05  1.21910564e-06 -7.27242172e-01  1.29294217e+00 -9.08344790e-01
 2.05000000e+00  1.00000000e+02  0.00000000e+00  7.13326180e-01  8.68133502e-01  1.19850692e-03  9.97483365e-01  9.93568815e-01  3.00652113e-02  1.00907974e-02 -2.44879186e-03  1.01704606e+00  1.01329455e+00  1.00454132e+00
 2.05000000e+00  1.00000000e+02  1.00000000e+00  9.98291272e-03  9.50071817e-03 -4.64396820e-05  9.01297986e-07 -4.44016138e-07 -7.93141423e-06 -3.67609617e-05  1.14163024e-06 -5.49136290e-01  1.12580372e+00 -8.44881247e-01
 2.10000000e+00  1.00000000e+02  0.00000000e+00  8.33287754e-01  9.30097994e-01  3.31103813e-04  9.99499265e-01  9.98701178e-01  1.15874217e-02  3.61577944e-03 -5.82574582e-04  1.00424617e+00  1.00317661e+00  1.00098680e+00
 2.10000000e+00  1.00000000e+02  1.00000000e+00  9.95203212e-03  9.16928520e-03 -4.44117686e-05  8.38433226e-07 -4.17749029e-07 -1.23655798e-05 -3.30485552e-05  1.05137608e-06 -2.82489057e-01  8.89038153e-01 -7.46311126e-01
 2.20000000e+00  1.00000000e+02  0.00000000e+00  9.14222861e-01  9.68951855e-01  1.02597015e-04  9.99923272e-01  9.99793981e-01  3.67922888e-03  1.03658062e-03 -1.02666194e-04  1.00078594e+00  1.00056332e+00  1.00015560e+00
 2.20000000e+00  1.00000000e+02  1.00000000e+00  9.85506136e-03  8.57410857e-03 -4.05013580e-05  7.29218815e-07 -3.64384585e-07 -1.92350981e-05 -2.73655050e-05  9.12037527e-07  1.01105306e-01  5.40636045e-01 -5.90936531e-01
 2.30000000e+00  1.00000000e+02  0.00000000e+00  9.45134918e-01  9.82576739e-01  5.21206946e-05  9.99976934e-01  9.99935694e-01  1.74891010e-03  4.46916852e-04 -3.32507980e-05  1.00025914e+00  1.00017972e+00  1.00004540e+00
 2.30000000e+00  1.00000000e+02  1.00000000e+00  9.72322252e-03  8.05284767e-03 -3.70604047e-05  6.38178790e-07 -3.19025690e-07 -2.39772152e-05 -2.28989765e-05  7.97866962e-07  3.52421566e-01  2.96982178e-01 -4.73115417e-01
 2.40000000e+00  1.00000000e+02  0.00000000e+00  9.61227287e-01  9.89089524e-01  3.09481192e-05  9.99990624e-01  9.99972791e-01  1.00328536e-03  2.32362726e-04 -1.43614031e-05  1.00011250e+00  1.00007552e+00  1.00001763e+00
 2.40000000e+00  1.00000000e+02  1.00000000e+00  9.56760161e-03  7.59250184e-03 -3.40373915e-05  5.61684117e-07 -2.80817845e-07 -2.71652554e-05 -1.93124402e-05  7.02158198e-07  5.14012616e-01  1.25443040e-01 -3.82417705e-01
 2.50000000e+00  1.00000000e+02  0.00000000e+00  9.70969639e-01  9.92702452e-01  1.98186696e-05  9.99995474e-01  9.99986300e-01  6.42272226e-04  1.34910221e-04 -7.36508706e-06  1.00005782e+00  1.00003752e+00  1.00000814e+00
 2.50000000e+00  1.00000000e+02  1.00000000e+00  9.39627391e-03  7.18308962e-03 -3.13691836e-05  4.96942157e-07 -2.48460094e-07 -2.92202277e-05 -1.64023310e-05  6.21201014e-07  6.13901550e-01  4.87461325e-03 -3.11809994e-01
 2.60000000e+00  1.00000000e+02  0.00000000e+00  9.77427052e-01  9.94895466e-01  1.33305285e-05  9.99997560e-01  9.99992283e-01  4.41087162e-04  8.41940927e-05 -4.22305672e-06  1.00003319e+00  1.00002079e+00  1.00000421e+00
 2.60000000e+00  1.00000000e+02  1.00000000e+00  9.21513185e-03  6.81667804e-03 -2.90026996e-05  4.41779767e-07 -2.20884285e-07 -3.04473499e-05 -1.40205466e-05  5.52236197e-07  6.71223120e-01 -7.93190723e-02 -2.56284078e-01
 2.70000000e+00  1.00000000e+02  0.00000000e+00  9.81970635e-01  9.96309777e-01  9.29083986e-06  9.99998579e-01  9.99995298e-01  3.18034697e-04  5.53117357e-05 -2.61840701e-06  1.00002058e+00  1.00001245e+00  1.00000236e+00
 2.70000000e+00  1.00000000e+02  1.00000000e+00  9.02848306e-03  6.48687524e-03 -2.68941917e-05  3.94488705e-07 -1.97241253e-07 -3.10690570e-05 -1.20559004e-05  4.93117021e-07  6.99192432e-01 -1.37379817e-01 -2.12211415e-01
 2.80000000e+00  1.00000000e+02  0.00000000e+00  9.85305530e-01  9.97262886e-01  6.65386742e-06  9.99999123e-01  9.99996964e-01  2.37675959e-04  3.77795942e-05 -1.72048302e-06  1.00001352e+00  1.00000790e+00  1.00000141e+00
 2.80000000e+00  1.00000000e+02  1.00000000e+00  8.83947659e-03  6.18847713e-03 -2.50075092e-05  3.53713611e-07 -1.76854979e-07 -3.12485436e-05 -1.04236689e-05  4.42145506e-07  7.07010076e-01 -1.76573729e-01 -1.76928172e-01
 2.90000000e+00  1.00000000e+02  0.00000000e+00  9.87831957e-01  9.97927318e-01  4.87192443e-06  9.99999435e-01  9.99997950e-01  1.82542464e-04  2.66041245e-05 -1.18173695e-06  1.00000929e+00  1.00000524e+00  1.00000088e+00
 2.90000000e+00  1.00000000e+02  1.00000000e+00  8.65040897e-03  5.91720762e-03 -2.33126033e-05  3.18369805e-07 -1.59183774e-07 -3.11062975e-05 -9.05856878e-06  3.97964342e-07  7.01122017e-01 -2.02103224e-01 -1.48455718e-01
 3.00000000e+00  1.00000000e+02  0.00000000e+00  9.89793344e-01  9.98403161e-01  3.63348635e-06  9.99999622e-01  9.99998565e-01  1.43262879e-04  1.92052572e-05 -8.40661271e-07  1.00000661e+00  1.00000360e+00  1.00000057e+00
 3.00000000e+00  1.00000000e+02  1.00000000e+00  8.46294554e-03  5.66952370e-03 -2.17843407e-05  2.87582266e-07 -1.43790408e-07 -3.07317613e-05 -7.90980630e-06  3.59479128e-07  6.86065328e-01 -2.17722759e-01 -1.25308494e-01
 3.10000000e+00  1.00000000e+02  0.00000000e+00  9.91346202e-01  9.98751583e-01  2.75277010e-06  9.99999740e-01  9.99998967e-01  1.14428381e-04  1.41539263e-05 -6.15246040e-07  1.00000484e+00  1.00000255e+00  1.00000038e+00
 3.10000000e+00  1.00000000e+02  1.00000000e+00  8.27828214e-03  5.44246710e-03 -2.04015725e-05  2.60639830e-07 -1.30319434e-07 -3.01916253e-05 -6.93751021e-06  3.25800619e-07  6.65042751e-01 -2.26160409e-01 -1.06359977e-01
 3.20000000e+00  1.00000000e+02  0.00000000e+00  9.92595555e-01  9.99011508e-01  2.11420314e-06  9.99999817e-01  9.99999238e-01  9.27411064e-05  1.06163338e-05 -4.60949835e-07  1.00000362e+00  1.00000185e+00  1.00000026e+00
 3.20000000e+00  1.00000000e+02  1.00000000e+00  8.09726389e-03  5.23355003e-03 -1.91464005e-05  2.36960485e-07 -1.18479915e-07 -2.95357798e-05 -6.11012639e-06  2.96201155e-07  6.40317270e-01 -2.29409987e-01 -9.07479368e-02
 3.30000000e+00  1.00000000e+02  0.00000000e+00  9.93614359e-01  9.99208542e-01  1.64343300e-06  9.99999869e-01  9.99999426e-01  7.60983072e-05  8.08492719e-06 -3.52210929e-07  1.00000277e+00  1.00000137e+00  1.00000019e+00
 3.30000000e+00  1.00000000e+02  1.00000000e+00  7.92047325e-03  5.04066641e-03 -1.80035960e-05  2.16064813e-07 -1.08032178e-07 -2.88016271e-05 -5.40249209e-06  2.70081387e-07  6.13485734e-01 -2.28935661e-01 -7.78066860e-02
 3.40000000e+00  1.00000000e+02  0.00000000e+00  9.94454752e-01  9.99359994e-01  1.29125573e-06  9.99999904e-01  9.99999560e-01  6.31091911e-05  6.23980341e-06 -2.73676644e-07  1.00000215e+00  1.00000104e+00  1.00000013e+00
 3.40000000e+00  1.00000000e+02  1.00000000e+00  7.74829572e-03  4.86202221e-03 -1.69601361e-05  1.97555495e-07 -9.87775854e-08 -2.80172293e-05 -4.79439801e-06  2.46944625e-07  5.85670284e-01 -2.25816671e-01 -6.70180843e-02
 3.50000000e+00  1.00000000e+02  0.00000000e+00  9.95154911e-01  9.99477850e-01  1.02441807e-06  9.99999928e-01  9.99999658e-01  5.28233634e-05  4.87286354e-06 -2.15747168e-07  1.00000170e+00  1.00000080e+00  1.00000010e+00
 3.50000000e+00  1.00000000e+02  1.00000000e+00  7.58096900e-03  4.69608032e-03 -1.60048312e-05  1.81101369e-07 -9.05505671e-08 -2.72036266e-05 -4.26950445e-06  2.26376891e-07  5.57653338e-01 -2.20850630e-01 -5.79757476e-02
 3.60000000e+00  1.00000000e+02  0.00000000e+00  9.95743330e-01  9.99570570e-01  8.19871952e-07  9.99999946e-01  9.99999730e-01  4.45762602e-05  3.84580748e-06 -1.72239986e-07  1.00000135e+00  1.00000062e+00  1.00000007e+00
 3.60000000e+00  1.00000000e+02  1.00000000e+00  7.41862008e-03  4.54151656e-03 -1.51280239e-05  1.66424922e-07 -8.32123752e-08 -2.63765551e-05 -3.81451712e-06  2.08031282e-07  5.29973463e-01 -2.14627861e-01 -5.03586483e-02
 3.70000000e+00  1.00000000e+02  0.00000000e+00  9.96241675e-01  9.99644235e-01  6.61447106e-07  9.99999959e-01  9.99999785e-01  3.78908583e-05  3.06424932e-06 -1.39042114e-07  1.00000109e+00  1.00000049e+00  1.00000005e+00
 3.70000000e+00  1.00000000e+02  1.00000000e+00  7.26129336e-03  4.39718437e-03 -1.43213436e-05  1.53292425e-07 -7.66461484e-08 -2.55477288e-05 -3.41855537e-06  1.91615624e-07  5.02993890e-01 -2.07585307e-01 -4.39114664e-02
 3.80000000e+00  1.00000000e+02  0.00000000e+00  9.96666652e-01  9.99703286e-01  5.37578876e-07  9.99999968e-01  9.99999827e-01  3.24187847e-05  2.46271023e-06 -1.13355873e-07  1.00000089e+00  1.00000039e+00  1.00000004e+00
 3.80000000e+00  1.00000000e+02  1.00000000e+00  7.10897194e-03  4.26208618e-03 -1.35775068e-05  1.41506072e-07 -7.07529879e-08 -2.47258024e-05 -3.07266409e-06  1.76882659e-07  4.76951758e-01 -2.00045906e-01 -3.84298396e-02
 3.90000000e+00  1.00000000e+02  0.00000000e+00  9.97031321e-01  9.99751006e-01  4.39883822e-07  9.99999975e-01  9.99999859e-01  2.79011560e-05  1.99496555e-06 -9.32355615e-08  1.00000073e+00  1.00000031e+00  1.00000003e+00
 3.90000000e+00  1.00000000e+02  1.00000000e+00  6.96159384e-03  4.13535015e-03 -1.28901512e-05  1.30897709e-07 -6.54488177e-08 -2.39170980e-05 -2.76943394e-06  1.63622187e-07  4.51993667e-01 -1.92247526e-01 -3.37492025e-02
 4.00000000e+00  1.00000000e+02  0.00000000e+00  9.97346010e-01  9.99789858e-01  3.62219419e-07  9.99999981e-01  9.99999884e-01  2.41424368e-05  1.62782177e-06 -7.72998067e-08  1.00000061e+00  1.00000025e+00  1.00000002e+00
 4.00000000e+00  1.00000000e+02  1.00000000e+00  6.81906441e-03  4.01621107e-03 -1.22537002e-05  1.21323768e-07 -6.06618561e-08 -2.31261562e-05 -2.50270377e-06  1.51654749e-07  4.28201447e-01 -1.84364364e-01 -2.97362768e-02
 4.10000000e+00  1.00000000e+02  0.00000000e+00  9.97618971e-01  9.99821708e-01  3.00020112e-07  9.99999985e-01  9.99999904e-01  2.09932076e-05  1.33717682e-06 -6.45529055e-08  1.00000051e+00  1.00000021e+00  1.00000002e+00
 4.10000000e+00  1.00000000e+02  1.00000000e+00  6.68126580e-03  3.90399459e-03 -1.16632483e-05  1.12661180e-07 -5.63305682e-08 -2.23561565e-05 -2.26732599e-06  1.40826504e-07  4.05610895e-01 -1.76522846e-01 -2.62825356e-02
 4.20000000e+00  1.00000000e+02  0.00000000e+00  9.97856860e-01  9.99847983e-01  2.49866572e-07  9.99999988e-01  9.99999920e-01  1.83377234e-05  1.10526372e-06 -5.42645934e-08  1.00000043e+00  1.00000017e+00  1.00000002e+00
 4.20000000e+00  1.00000000e+02  1.00000000e+00  6.54806417e-03  3.79810419e-03 -1.11144674e-05  1.04804033e-07 -5.24019993e-08 -2.16092383e-05 -2.05898041e-06  1.31005063e-07  3.84225426e-01 -1.68813509e-01 -2.32991508e-02
 4.30000000e+00  1.00000000e+02  0.00000000e+00  9.98065090e-01  9.99869788e-01  2.09167775e-07  9.99999990e-01  9.99999933e-01  1.60854620e-05  9.18861850e-07 -4.58925854e-08  1.00000036e+00  1.00000014e+00  1.00000001e+00
 4.30000000e+00  1.00000000e+02  1.00000000e+00  6.41931524e-03  3.69801031e-03 -1.06035266e-05  9.76608498e-08 -4.88304114e-08 -2.08867482e-05 -1.87402570e-06  1.22076080e-07  3.64026022e-01 -1.61299908e-01 -2.07130600e-02
 4.40000000e+00  1.00000000e+02  0.00000000e+00  9.98248099e-01  9.99887983e-01  1.75944596e-07  9.99999992e-01  9.99999944e-01  1.41648999e-05  7.68022547e-07 -3.90288598e-08  1.00000031e+00  1.00000012e+00  1.00000001e+00
 4.40000000e+00  1.00000000e+02  1.00000000e+00  6.29486846e-03  3.60324119e-03 -1.01270251e-05  9.11523430e-08 -4.55761608e-08 -2.01894297e-05 -1.70938012e-06  1.13940442e-07  3.44978494e-01 -1.54025324e-01 -1.84638881e-02
 4.50000000e+00  1.00000000e+02  0.00000000e+00  9.98409547e-01  9.99903243e-01  1.48671606e-07  9.99999993e-01  9.99999952e-01  1.25190464e-05  6.45193215e-07 -3.33630430e-08  1.00000026e+00  1.00000010e+00  1.00000001e+00
 4.50000000e+00  1.00000000e+02  1.00000000e+00  6.17457025e-03  3.51337524e-03 -9.68193617e-06  8.52095603e-08 -4.26047716e-08 -1.95175701e-05 -1.56242540e-06  1.06511961e-07  3.27038764e-01 -1.47017833e-01 -1.65015208e-02
