             s'          lambda           gamma              XA              YA              YB              XC              YC              XG              YG              YH              XM              YM              ZM 
 2.00001000e+00  1.00000000e-02  0.00000000e+00  2.04372552e+01  1.04870376e+00 -4.88898632e-02  1.33333484e+00  1.38237888e+00  1.94381329e+01  2.40522209e-02  2.41257229e-02  1.40704455e+01  1.13485462e+00  1.11111259e+00
 2.00001000e+00  1.00000000e-02  1.00000000e+00 -1.94372724e+01 -4.89485123e-02  4.91287031e-02 -1.55180647e-06  7.15720004e-05 -1.94381364e+01 -2.41680916e-02  3.95291827e-05  1.29055380e-01  2.66916798e-04 -1.46151487e-06
 2.00002000e+00  1.00000000e-02  0.00000000e+00  1.07299167e+01  1.04510555e+00 -4.52652457e-02  1.33333484e+00  1.37872732e+00  9.73072818e+00  2.22663265e-02  2.23268898e-02  7.59879815e+00  1.13308167e+00  1.11111258e+00
 2.00002000e+00  1.00000000e-02  1.00000000e+00 -9.72993386e+00 -4.53503045e-02  4.55040855e-02 -1.54846435e-06  6.25358814e-05 -9.73073165e+00 -2.23821972e-02  3.47409949e-05  6.43835525e-02  2.36256390e-04 -1.45823828e-06
 2.00005000e+00  1.00000000e-02  0.00000000e+00  4.90447999e+00  1.04036065e+00 -4.04857622e-02  1.33333483e+00  1.37391256e+00  3.90520459e+00  1.99111777e-02  1.99547986e-02  3.71505782e+00  1.13074348e+00  1.11111257e+00
 2.00005000e+00  1.00000000e-02  1.00000000e+00 -3.90449719e+00 -4.06054014e-02  4.07246020e-02 -1.53926373e-06  5.07544006e-05 -3.90520807e+00 -2.00270485e-02  2.84955504e-05  2.56048794e-02  1.96140203e-04 -1.44921804e-06
 2.00010000e+00  1.00000000e-02  0.00000000e+00  2.96187144e+00  1.03678858e+00 -3.68880245e-02  1.33333482e+00  1.37028865e+00  1.96253116e+00  1.81379956e-02  1.81690395e-02  2.41989894e+00  1.12898289e+00  1.11111256e+00
 2.00010000e+00  1.00000000e-02  1.00000000e+00 -1.96188863e+00 -3.70333312e-02  3.71268644e-02 -1.52520895e-06  4.20847768e-05 -1.96253464e+00 -1.82538663e-02  2.38959550e-05  1.26972916e-02  1.66408623e-04 -1.43543882e-06
 2.00020000e+00  1.00000000e-02  0.00000000e+00  1.98986273e+00  1.03324522e+00 -3.33198127e-02  1.33333479e+00  1.36669509e+00  9.90459029e-01  1.63787771e-02  1.63976415e-02  1.77180856e+00  1.12723589e+00  1.11111253e+00
 2.00020000e+00  1.00000000e-02  1.00000000e+00 -9.89879922e-01 -3.34899714e-02  3.35586526e-02 -1.49938702e-06  3.38177245e-05 -9.90462507e-01 -1.64946478e-02  1.95035162e-05  6.25968099e-03  1.37697303e-04 -1.41012315e-06
 2.00050000e+00  1.00000000e-02  0.00000000e+00  1.40566231e+00  1.02864672e+00 -2.86908991e-02  1.33333472e+00  1.36203517e+00  4.06179093e-01  1.40948372e-02  1.40987859e-02  1.38223554e+00  1.12496696e+00  1.11111247e+00
 2.00050000e+00  1.00000000e-02  1.00000000e+00 -4.05679506e-01 -2.88914799e-02  2.89297390e-02 -1.43017868e-06  2.40891941e-05 -4.06182572e-01 -1.42107080e-02  1.43144861e-05  2.41907192e-03  1.02784020e-04 -1.34227171e-06
 2.00100000e+00  1.00000000e-02  0.00000000e+00  1.21018896e+00  1.02529057e+00 -2.53152148e-02  1.33333462e+00  1.35863959e+00  2.10651775e-01  1.24266705e-02  1.24210311e-02  1.25184795e+00  1.12330852e+00  1.11111237e+00
 2.00100000e+00  1.00000000e-02  1.00000000e+00 -2.10206157e-01 -2.55353304e-02  2.55540546e-02 -1.32762739e-06  1.84471635e-05 -2.10655253e-01 -1.25425413e-02  1.12728401e-05  1.15387439e-03  8.07254353e-05 -1.24173103e-06
 2.00200000e+00  1.00000000e-02  0.00000000e+00  1.11184030e+00  1.02212882e+00 -2.21394494e-02  1.33333444e+00  1.35544960e+00  1.12258957e-01  1.08530513e-02  1.08405148e-02  1.18622319e+00  1.12174204e+00  1.11111219e+00
 2.00200000e+00  1.00000000e-02  1.00000000e+00 -1.11857494e-01 -2.23735787e-02  2.23782892e-02 -1.14540096e-06  1.55309344e-05 -1.12262436e-01 -1.09689220e-02  9.63384655e-06  5.31513082e-04  6.55749980e-05 -1.06307732e-06
 2.00500000e+00  1.00000000e-02  0.00000000e+00  1.05208405e+00  1.01849383e+00 -1.85014000e-02  1.33333397e+00  1.35180861e+00  5.24718358e-02  9.03771987e-03  9.02360473e-03  1.14634424e+00  1.11992892e+00  1.11111173e+00
 2.00500000e+00  1.00000000e-02  1.00000000e+00 -5.21012439e-02 -1.87385865e-02  1.87402398e-02 -6.81296320e-07  1.93123752e-05 -5.24753140e-02 -9.15359057e-03  1.13968245e-05  1.64093619e-04  6.49007731e-05 -6.08071874e-07
 2.01000000e+00  1.00000000e-02  0.00000000e+00  1.03176448e+00  1.01646253e+00 -1.64881906e-02  1.33333333e+00  1.34981411e+00  3.21651921e-02  8.01390712e-03  8.00854306e-03  1.13281468e+00  1.11889723e+00  1.11111110e+00
 2.01000000e+00  1.00000000e-02  1.00000000e+00 -3.17816774e-02 -1.67072844e-02  1.67270305e-02 -3.57479694e-08  3.22470560e-05 -3.21686703e-02 -8.12977783e-03  1.79144474e-05  3.48179670e-05  8.99221627e-05  2.48199063e-08
 2.02000000e+00  1.00000000e-02  0.00000000e+00  1.02149435e+00  1.01544814e+00 -1.55207729e-02  1.33333227e+00  1.34889502e+00  2.19593235e-02  7.48467953e-03  7.50214305e-03  1.12605295e+00  1.11834661e+00  1.11111006e+00
 2.02000000e+00  1.00000000e-02  1.00000000e+00 -2.15115412e-02 -1.56928919e-02  1.57596127e-02  1.02658729e-06  5.94406170e-05 -2.19628017e-02 -7.60055024e-03  3.17694545e-05 -5.18471028e-05  1.51080611e-04  1.06632710e-06
 2.02500000e+00  1.00000000e-02  0.00000000e+00  1.01704560e+00  1.01205409e+00 -1.19249540e-02  1.33333451e+00  1.34513181e+00  1.73668092e-02  5.70419510e-03  5.64329441e-03  1.12290781e+00  1.11651201e+00  1.11111201e+00
 2.02500000e+00  1.00000000e-02  1.00000000e+00 -1.70578138e-02 -1.24532481e-02  1.23189105e-02 -1.25679180e-06  1.99026903e-06 -1.73793356e-02 -5.89177728e-03  2.23866324e-06  1.02382787e-05  5.89746050e-06 -1.00477613e-06
 2.05000000e+00  1.00000000e-02  0.00000000e+00  1.01382605e+00  1.01053193e+00 -1.03496287e-02  1.33333442e+00  1.34350503e+00  1.42137452e-02  4.83007300e-03  4.74661835e-03  1.12085311e+00  1.11554341e+00  1.11111190e+00
 2.05000000e+00  1.00000000e-02  1.00000000e+00 -1.38498727e-02 -1.10838726e-02  1.08911610e-02 -1.20437196e-06  1.01544968e-06 -1.42383357e-02 -5.08201421e-03  1.70278003e-06  3.80709965e-06  2.97482939e-06 -9.37576188e-07
 2.10000000e+00  1.00000000e-02  0.00000000e+00  1.01194141e+00  1.00916579e+00 -8.89058182e-03  1.33333427e+00  1.34195808e+00  1.24397452e-02  3.95377918e-03  3.83511862e-03  1.11975058e+00  1.11452384e+00  1.11111173e+00
 2.10000000e+00  1.00000000e-02  1.00000000e+00 -1.19989862e-02 -9.99469809e-03  9.69384085e-03 -1.11842885e-06  6.64114829e-07 -1.24998369e-02 -4.31033200e-03  1.44565705e-06  1.32708921e-06  1.54830408e-06 -8.29053753e-07
 2.20000000e+00  1.00000000e-02  0.00000000e+00  1.01072551e+00  1.00768312e+00 -7.26065277e-03  1.33333404e+00  1.34019568e+00  1.13261988e-02  2.94203114e-03  2.78018304e-03  1.11908482e+00  1.11336550e+00  1.11111150e+00
 2.20000000e+00  1.00000000e-02  1.00000000e+00 -1.08831693e-02 -8.95961556e-03  8.46635154e-03 -9.72364985e-07  5.14687565e-07 -1.14927447e-02 -3.43008171e-03  1.22717485e-06  6.45127522e-07  7.43340049e-07 -6.56584051e-07
 2.30000000e+00  1.00000000e-02  0.00000000e+00  1.01010080e+00  1.00667203e+00 -6.14196695e-03  1.33333388e+00  1.33898814e+00  1.06877561e-02  2.27702226e-03  2.09597796e-03  1.11865032e+00  1.11266630e+00  1.11111136e+00
 2.30000000e+00  1.00000000e-02  1.00000000e+00 -1.03881900e-02 -8.28430336e-03  7.62567617e-03 -8.50924797e-07  4.40308934e-07 -1.09918178e-02 -2.82668968e-03  1.06921322e-06  6.43384617e-07  3.84324516e-07 -5.25681975e-07
 2.40000000e+00  1.00000000e-02  0.00000000e+00  1.00961396e+00  1.00588363e+00 -5.27574930e-03  1.33333375e+00  1.33806468e+00  1.01153041e-02  1.79628942e-03  1.61052245e-03  1.11820634e+00  1.11220874e+00  1.11111127e+00
 2.40000000e+00  1.00000000e-02  1.00000000e+00 -1.00482658e-02 -7.74843627e-03  6.94751097e-03 -7.48919380e-07  3.83788199e-07 -1.05721626e-02 -2.36517577e-03  9.39347517e-07  7.14261146e-07  1.64653666e-07 -4.24908248e-07
 2.50000000e+00  1.00000000e-02  0.00000000e+00  1.00917616e+00  1.00524085e+00 -4.57774601e-03  1.33333366e+00  1.33733244e+00  9.55062381e-03  1.43643605e-03  1.25449703e-03  1.11773809e+00  1.11189919e+00  1.11111122e+00
 2.50000000e+00  1.00000000e-02  1.00000000e+00 -9.76552557e-03 -7.29540983e-03  6.37204315e-03 -6.62592695e-07  3.37729580e-07 -1.01638837e-02 -1.99919964e-03  8.30270230e-07  7.72033370e-07  1.85683554e-08 -3.46455454e-07
 2.60000000e+00  1.00000000e-02  0.00000000e+00  1.00876421e+00  1.00470484e+00 -4.00370388e-03  1.33333359e+00  1.33674087e+00  8.99123405e-03  1.16153023e-03  9.88244830e-04  1.11726064e+00  1.11168520e+00  1.11111118e+00
 2.60000000e+00  1.00000000e-02  1.00000000e+00 -9.51042404e-03 -6.90136312e-03  5.87265603e-03 -5.89041240e-07  2.99169721e-07 -9.75658687e-03 -1.70351466e-03  7.37656077e-07  8.06589009e-07 -8.06911437e-08 -2.84760066e-07
 2.70000000e+00  1.00000000e-02  0.00000000e+00  1.00837064e+00  1.00425107e+00 -3.52507673e-03  1.33333354e+00  1.33625681e+00  8.44330765e-03  9.48325706e-04  7.86191579e-04  1.11678897e+00  1.11153471e+00  1.11111116e+00
 2.70000000e+00  1.00000000e-02  1.00000000e+00 -9.27110866e-03 -6.55283250e-03  5.43356041e-03 -5.25985769e-07  2.66479924e-07 -9.35137304e-03 -1.46155567e-03  6.58423621e-07  8.19890549e-07 -1.48198059e-07 -2.35790452e-07
 2.80000000e+00  1.00000000e-02  0.00000000e+00  1.00799375e+00  1.00386260e+00 -3.12184215e-03  1.33333350e+00  1.33585682e+00  7.91387243e-03  7.80931581e-04  6.30999237e-04  1.11633443e+00  1.11142731e+00  1.11111115e+00
 2.80000000e+00  1.00000000e-02  1.00000000e+00 -9.04296759e-03 -6.24116370e-03  5.04410167e-03 -4.71618620e-07  2.38489771e-07 -8.95237253e-03 -1.26161381e-03  5.90195814e-07  8.17169440e-07 -1.93411807e-07 -1.96586855e-07
 2.90000000e+00  1.00000000e-02  0.00000000e+00  1.00763317e+00  1.00352697e+00 -2.77918608e-03  1.33333347e+00  1.33552357e+00  7.40794613e-03  6.48099488e-04  5.10537376e-04  1.11590415e+00  1.11134967e+00  1.11111114e+00
 2.90000000e+00  1.00000000e-02  1.00000000e+00 -8.82379172e-03 -5.96014649e-03  4.69636659e-03 -4.24493357e-07  2.14348468e-07 -8.56318845e-03 -1.09502709e-03  5.31108112e-07  8.02920107e-07 -2.22755737e-07 -1.64950797e-07
 3.00000000e+00  1.00000000e-02  0.00000000e+00  1.00728896e+00  1.00323471e+00 -2.48583863e-03  1.33333344e+00  1.33524392e+00  6.92866327e-03  5.41692259e-04  4.16146535e-04  1.11550202e+00  1.11129286e+00  1.11111113e+00
 3.00000000e+00  1.00000000e-02  1.00000000e+00 -8.61252634e-03 -5.70509404e-03  4.38421066e-03 -3.83443198e-07  1.93397738e-07 -8.18655866e-03 -9.55229957e-04  4.79670089e-07  7.80760434e-07 -2.40711570e-07 -1.39231660e-07
 3.10000000e+00  1.00000000e-02  0.00000000e+00  1.00696115e+00  1.00297846e+00 -2.23305249e-03  1.33333342e+00  1.33500774e+00  6.47763691e-03  4.55722057e-04  3.41545593e-04  1.11512970e+00  1.11125085e+00  1.11111112e+00
 3.10000000e+00  1.00000000e-02  1.00000000e+00 -8.40866736e-03 -5.47234131e-03  4.10271692e-03 -3.47519887e-07  1.75115039e-07 -7.82436959e-03 -8.37157778e-04  4.34676976e-07  7.53473987e-07 -2.50467519e-07 -1.18177752e-07
 3.20000000e+00  1.00000000e-02  0.00000000e+00  1.00664961e+00  1.00275243e+00 -2.01392882e-03  1.33333341e+00  1.33480709e+00  6.05530010e-03  3.85719012e-04  2.82116575e-04  1.11478729e+00  1.11121947e+00  1.11111112e+00
 3.20000000e+00  1.00000000e-02  1.00000000e+00 -8.21190909e-03 -5.25893686e-03  3.84785870e-03 -3.15947389e-07  1.59081973e-07 -7.47773650e-03 -7.36848844e-04  3.95146894e-07  7.23092061e-07 -2.54326253e-07 -1.00831041e-07
 3.30000000e+00  1.00000000e-02  0.00000000e+00  1.00635402e+00  1.00255194e+00 -1.82295993e-03  1.33333340e+00  1.33463571e+00  5.66126267e-03  3.28305795e-04  2.34424799e-04  1.11447390e+00  1.11119580e+00  1.11111112e+00
 3.30000000e+00  1.00000000e-02  1.00000000e+00 -8.02202285e-03 -5.06245908e-03  3.61628897e-03 -2.88086469e-07  1.44959058e-07 -7.14718422e-03 -6.51170281e-04  3.60273298e-07  6.91074270e-07 -2.53965214e-07 -8.64518733e-08
 3.40000000e+00  1.00000000e-02  0.00000000e+00  1.00607394e+00  1.00237321e+00 -1.65570489e-03  1.33333339e+00  1.33448859e+00  5.29460340e-03  2.80903293e-04  1.95889281e-04  1.11418805e+00  1.11117780e+00  1.11111112e+00
 3.40000000e+00  1.00000000e-02  1.00000000e+00 -7.83882535e-03 -4.88089656e-03  3.40519687e-03 -2.63407363e-07  1.32467223e-07 -6.83282415e-03 -5.77622069e-04  3.29388943e-07  6.58471139e-07 -2.50612868e-07 -7.44645381e-08
 3.50000000e+00  1.00000000e-02  0.00000000e+00  1.00580881e+00  1.00221314e+00 -1.50854931e-03  1.33333338e+00  1.33436172e+00  4.95405321e-03  2.41522479e-04  1.64551981e-04  1.11392791e+00  1.11116400e+00  1.11111111e+00
 3.50000000e+00  1.00000000e-02  1.00000000e+00 -7.66212752e-03 -4.71255545e-03  3.21219744e-03 -2.41468517e-07  1.21375995e-07 -6.53445347e-03 -5.14192311e-04  3.01938535e-07  6.26012933e-07 -2.45173809e-07 -6.44174973e-08
 3.60000000e+00  1.00000000e-02  0.00000000e+00  1.00555801e+00  1.00206919e+00 -1.37852892e-03  1.33333337e+00  1.33425183e+00  4.63815311e-03  2.08615890e-04  1.38914603e-04  1.11369155e+00  1.11115333e+00  1.11111111e+00
 3.60000000e+00  1.00000000e-02  1.00000000e+00 -7.49174192e-03 -4.55599838e-03  3.03525369e-03 -2.21899915e-07  1.11493174e-07 -6.25166500e-03 -4.59250323e-04  2.77457207e-07  5.94205764e-07 -2.38315247e-07 -5.59540536e-08
 3.70000000e+00  1.00000000e-02  0.00000000e+00  1.00532085e+00  1.00193923e+00 -1.26319463e-03  1.33333336e+00  1.33415625e+00  4.34534857e-03  1.80969606e-04  1.17821315e-04  1.11347698e+00  1.11114502e+00  1.11111111e+00
 3.70000000e+00  1.00000000e-02  1.00000000e+00 -7.32746823e-03 -4.40999398e-03  2.87261347e-03 -2.04389913e-07  1.02657784e-07 -5.98390762e-03 -4.11465336e-04  2.55553778e-07  5.63385191e-07 -2.30530091e-07 -4.87905182e-08
 3.80000000e+00  1.00000000e-02  0.00000000e+00  1.00509664e+00  1.00182146e+00 -1.16050994e-03  1.33333336e+00  1.33407281e+00  4.07406419e-03  1.57624144e-04  1.00373764e-04  1.11328228e+00  1.11113851e+00  1.11111111e+00
 3.80000000e+00  1.00000000e-02  1.00000000e+00 -7.16910033e-03 -4.27348083e-03  2.72276178e-03 -1.88674772e-07  9.47340782e-08 -5.73054410e-03 -3.69744727e-04  2.35897406e-07  5.33766231e-07 -2.22181992e-07 -4.26998218e-08
 3.90000000e+00  1.00000000e-02  0.00000000e+00  1.00488469e+00  1.00171438e+00 -1.06877122e-03  1.33333336e+00  1.33399969e+00  3.82275071e-03  1.37815729e-04  8.58687801e-05  1.11310562e+00  1.11113337e+00  1.11111111e+00
 3.90000000e+00  1.00000000e-02  1.00000000e+00 -7.01642828e-03 -4.14553839e-03  2.58438215e-03 -1.74530286e-07  8.76069907e-08 -5.49088909e-03 -3.33186256e-04  2.18206984e-07  5.05476771e-07 -2.13538455e-07 -3.74991139e-08
 4.00000000e+00  1.00000000e-02  0.00000000e+00  1.00468431e+00  1.00161672e+00 -9.86545198e-04  1.33333335e+00  1.33393539e+00  3.58991366e-03  1.20932315e-04  7.37522901e-05  1.11294530e+00  1.11112929e+00  1.11111111e+00
 4.00000000e+00  1.00000000e-02  1.00000000e+00 -6.86923772e-03 -4.02536337e-03  2.45632520e-03 -1.61765030e-07  8.11785809e-08 -5.26423410e-03 -3.01040869e-04  2.02242616e-07  4.78580800e-07 -2.04795250e-07 -3.30403076e-08
 4.10000000e+00  1.00000000e-02  0.00000000e+00  1.00449482e+00  1.00152739e+00 -9.12619865e-04  1.33333335e+00  1.33387868e+00  3.37413353e-03  1.06480382e-04  6.35849711e-05  1.11279974e+00  1.11112604e+00  1.11111111e+00
 4.10000000e+00  1.00000000e-02  1.00000000e+00 -6.72731471e-03 -3.91225163e-03  2.33758352e-03 -1.50214911e-07  7.53650614e-08 -5.04986908e-03 -2.72683600e-04  1.87798723e-07  4.53098004e-07 -1.96094371e-07 -2.92028173e-08
 4.20000000e+00  1.00000000e-02  0.00000000e+00  1.00431558e+00  1.00144544e+00 -8.45965283e-04  1.33333335e+00  1.33382849e+00  3.17407558e-03  9.40596410e-05  5.50164114e-05  1.11266749e+00  1.11112342e+00  1.11111111e+00
 4.20000000e+00  1.00000000e-02  1.00000000e+00 -6.59044706e-03 -3.80558301e-03  2.22727076e-03 -1.39738714e-07  7.00944657e-08 -4.84709538e-03 -2.47590537e-04  1.74698443e-07  4.29016771e-07 -1.87537478e-07 -2.58879453e-08
 4.30000000e+00  1.00000000e-02  0.00000000e+00  1.00414597e+00  1.00137008e+00 -7.85702235e-04  1.33333335e+00  1.33378395e+00  2.98849442e-03  8.33436120e-05  4.77655423e-05  1.11254726e+00  1.11112132e+00  1.11111111e+00
 4.30000000e+00  1.00000000e-02  1.00000000e+00 -6.45842589e-03 -3.70480895e-03  2.12460430e-03 -1.30214469e-07  6.53047377e-08 -4.65523490e-03 -2.25320530e-04  1.62789054e-07  4.06303998e-07 -1.79195946e-07 -2.30145112e-08
 4.40000000e+00  1.00000000e-02  0.00000000e+00  1.00398541e+00  1.00130060e+00 -7.31076941e-04  1.33333334e+00  1.33374431e+00  2.81623483e-03  7.40646173e-05  4.16057105e-05  1.11243785e+00  1.11111960e+00  1.11111111e+00
 4.40000000e+00  1.00000000e-02  1.00000000e+00 -6.33104739e-03 -3.60944243e-03  2.02889091e-03 -1.21536459e-07  6.09421618e-08 -4.47363637e-03 -2.05500542e-04  1.51938209e-07  3.84912435e-07 -1.71118403e-07 -2.05154312e-08
 4.50000000e+00  1.00000000e-02  0.00000000e+00  1.00383333e+00  1.00123640e+00 -6.81440519e-04  1.33333334e+00  1.33370894e+00  2.65622954e-03  6.60020936e-05  3.63532116e-05  1.11233819e+00  1.11111821e+00  1.11111111e+00
 4.50000000e+00  1.00000000e-02  1.00000000e+00 -6.20811311e-03 -3.51904933e-03  1.93951459e-03 -1.13612749e-07  5.69600883e-08 -4.30167855e-03 -1.87813869e-04  1.42030835e-07  3.64785669e-07 -1.63336441e-07 -1.83350231e-08
 2.00001000e+00  1.00000000e-01  0.00000000e+00  1.50396517e+03  1.47595069e+00 -4.92974462e-01  1.33428622e+00  1.84931994e+00  1.50303605e+03  2.13961933e-01  2.20269030e-01  1.00318295e+03  1.30729929e+00  1.11173077e+00
 2.00001000e+00  1.00000000e-01  1.00000000e+00 -1.50296871e+03 -4.92974755e-01  5.08890099e-01 -1.20381531e-03  1.03097712e-02 -1.50303976e+03 -2.20173128e-01  8.91070831e-03  1.00150906e+02  2.60361758e-02 -8.83939644e-04
 2.00002000e+00  1.00000000e-01  0.00000000e+00  7.52632565e+02  1.44651461e+00 -4.61665321e-01  1.33428591e+00  1.81572157e+00  7.51698764e+02  2.00180777e-01  2.05759469e-01  5.02288299e+02  1.29424684e+00  1.11173052e+00
 2.00002000e+00  1.00000000e-01  1.00000000e+00 -7.51636098e+02 -4.63538677e-01  4.77580959e-01 -1.20350845e-03  9.47060005e-03 -7.51702471e+02 -2.06391973e-01  8.26210523e-03  5.00648773e+01  2.39311400e-02 -8.83683498e-04
 2.00005000e+00  1.00000000e-01  0.00000000e+00  3.01820153e+02  1.40760922e+00 -4.20286333e-01  1.33428507e+00  1.77131949e+00  3.00880162e+02  1.81965851e-01  1.86582610e-01  2.01738438e+02  1.27699470e+00  1.11172981e+00
 2.00005000e+00  1.00000000e-01  1.00000000e+00 -3.00823686e+02 -4.24633288e-01  4.36201971e-01 -1.20266366e-03  8.36271754e-03 -3.00883870e+02 -1.88177046e-01  7.40559396e-03  2.00144337e+01  2.11518024e-02 -8.82978347e-04
 2.00010000e+00  1.00000000e-01  0.00000000e+00  1.51539402e+02  1.37818880e+00 -3.88998348e-01  1.33428378e+00  1.73774924e+00  1.50594734e+02  1.68190901e-01  1.72081420e-01  1.01545034e+02  1.26394728e+00  1.11172874e+00
 2.00010000e+00  1.00000000e-01  1.00000000e+00 -1.50542935e+02 -3.95212865e-01  4.04913986e-01 -1.20137318e-03  7.52677502e-03 -1.50598441e+02 -1.74402097e-01  6.75899642e-03  9.99852870e+00  1.90543115e-02 -8.81901167e-04
 2.00020000e+00  1.00000000e-01  0.00000000e+00  7.63901465e+01  1.34878557e+00 -3.57733601e-01  1.33428141e+00  1.70420985e+00  7.54408101e+01  1.54422768e-01  1.57589426e-01  5.14393049e+01  1.25090539e+00  1.11172676e+00
 2.00020000e+00  1.00000000e-01  1.00000000e+00 -7.53936801e+01 -3.65809639e-01  3.73649239e-01 -1.19900226e-03  6.69437894e-03 -7.54445176e+01 -1.60633964e-01  6.11460184e-03  4.99138977e+00  1.69651082e-02 -8.79922132e-04
 2.00050000e+00  1.00000000e-01  0.00000000e+00  3.12878092e+01  1.30996788e+00 -3.16473116e-01  1.33427505e+00  1.65996522e+00  3.03323257e+01  1.36242606e-01  1.38459458e-01  2.13628816e+01  1.23368141e+00  1.11172145e+00
 2.00050000e+00  1.00000000e-01  1.00000000e+00 -3.02913428e+01 -3.26991944e-01  3.32388754e-01 -1.19264767e-03  5.60458179e-03 -3.03360332e+01 -1.42453801e-01  5.26932475e-03  1.98828276e+00  1.42280338e-02 -8.74617893e-04
 2.00100000e+00  1.00000000e-01  0.00000000e+00  1.62438433e+01  1.28067678e+00 -2.85359893e-01  1.33426564e+00  1.62662716e+00  1.52837450e+01  1.22518924e-01  1.24027422e-01  1.13274146e+01  1.22067553e+00  1.11171359e+00
 2.00100000e+00  1.00000000e-01  1.00000000e+00 -1.52473769e+01 -2.97700850e-01  3.01275531e-01 -1.18323160e-03  4.79531071e-03 -1.52874525e+01 -1.28730120e-01  4.63929484e-03  9.88160884e-01  1.21928706e-02 -8.66758195e-04
 2.00200000e+00  1.00000000e-01  0.00000000e+00  8.71313460e+00  1.25150213e+00 -2.54404012e-01  1.33424891e+00  1.59349815e+00  7.74847751e+00  1.08841400e-01  1.09657646e-01  6.30085792e+00  1.20770704e+00  1.11169963e+00
 2.00200000e+00  1.00000000e-01  1.00000000e+00 -7.71666819e+00 -2.68526192e-01  2.70319650e-01 -1.16649990e-03  4.01005244e-03 -7.75218501e+00 -1.15052596e-01  4.02418110e-03  4.88920504e-01  1.02138223e-02 -8.52792066e-04
 2.00500000e+00  1.00000000e-01  0.00000000e+00  4.18233769e+00  1.21326153e+00 -2.13923365e-01  1.33420629e+00  1.55028965e+00  3.21181126e+00  9.08900101e-02  9.08362591e-02  3.27248583e+00  1.19066841e+00  1.11166406e+00
 2.00500000e+00  1.00000000e-01  1.00000000e+00 -3.18587128e+00 -2.30285597e-01  2.29839003e-01 -1.12388665e-03  3.03927072e-03 -3.21551876e+00 -9.71012055e-02  3.25283344e-03  1.90571359e-01  7.75487170e-03 -8.17222333e-04
 2.01000000e+00  1.00000000e-01  0.00000000e+00  2.66278228e+00  1.18476397e+00 -1.83882448e-01  1.33414702e+00  1.51837630e+00  1.68802301e+00  7.74808989e-02  7.68285330e-02  2.25378420e+00  1.17791738e+00  1.11161458e+00
 2.01000000e+00  1.00000000e-01  1.00000000e+00 -1.66631587e+00 -2.01788035e-01  1.99798086e-01 -1.06461358e-03  2.39365026e-03 -1.69173050e+00 -8.36920943e-02  2.72445924e-03  9.20610546e-02  6.10213909e-03 -7.67746460e-04
 2.02000000e+00  1.00000000e-01  0.00000000e+00  1.89511278e+00  1.15687550e+00 -1.54664599e-01  1.33404948e+00  1.48755651e+00  9.16413845e-01  6.43132418e-02  6.31464936e-02  1.73671725e+00  1.16536197e+00  1.11153316e+00
 2.02000000e+00  1.00000000e-01  1.00000000e+00 -8.98646371e-01 -1.73899562e-01  1.70580237e-01 -9.67071887e-04  1.87364271e-03 -9.20121340e-01 -7.05244373e-02  2.27411267e-03  4.36643539e-02  4.74294777e-03 -6.86327362e-04
 2.02500000e+00  1.00000000e-01  0.00000000e+00  1.73546799e+00  1.14856649e+00 -1.45389488e-01  1.33412655e+00  1.47718635e+00  7.55050907e-01  6.00929161e-02  5.86273949e-02  1.62838337e+00  1.16132895e+00  1.11157903e+00
 2.02500000e+00  1.00000000e-01  1.00000000e+00 -7.39884656e-01 -1.66348594e-01  1.61915025e-01 -1.05870953e-03  1.52169538e-03 -7.59679559e-01 -6.64168566e-02  2.02495264e-03  3.36114602e-02  3.63607455e-03 -7.36620538e-04
 2.05000000e+00  1.00000000e-01  0.00000000e+00  1.42330256e+00  1.12237817e+00 -1.17833546e-01  1.33404290e+00  1.44805221e+00  4.39087541e-01  4.73954741e-02  4.54721743e-02  1.41490999e+00  1.14918505e+00  1.11150786e+00
 2.05000000e+00  1.00000000e-01  1.00000000e+00 -4.27739905e-01 -1.40862795e-01  1.34902593e-01 -9.87606386e-04  1.06104008e-03 -4.43744435e-01 -5.38021359e-02  1.62028469e-03  1.52800837e-02  2.27504379e-03 -6.69804981e-04
 2.10000000e+00  1.00000000e-01  0.00000000e+00  1.25995976e+00  1.09766162e+00 -9.18739824e-02  1.33392665e+00  1.42074566e+00  2.72058558e-01  3.51744877e-02  3.29208234e-02  1.30095703e+00  1.13755814e+00  1.11140842e+00
 2.10000000e+00  1.00000000e-01  1.00000000e+00 -2.65112472e-01 -1.17409387e-01  1.09877720e-01 -8.91831347e-04  7.31253827e-04 -2.77444001e-01 -4.16701963e-02  1.29417279e-03  6.70712313e-03  1.21171418e-03 -5.71628613e-04
 2.20000000e+00  1.00000000e-01  0.00000000e+00  1.17183565e+00  1.07449352e+00 -6.75778306e-02  1.33377191e+00  1.39536769e+00  1.79880797e-01  2.35956714e-02  2.12163032e-02  1.23668175e+00  1.12690034e+00  1.11129099e+00
 2.20000000e+00  1.00000000e-01  1.00000000e+00 -1.78677389e-01 -9.62691113e-02  8.69203539e-02 -7.60767159e-04  5.08054815e-04 -1.86948441e-01 -3.00346723e-02  1.01916456e-03  2.96506633e-03  4.57308674e-04 -4.40046709e-04
 2.30000000e+00  1.00000000e-01  0.00000000e+00  1.13889741e+00  1.06160209e+00 -5.41163640e-02  1.33366657e+00  1.38145749e+00  1.43995346e-01  1.73124621e-02  1.50137023e-02  1.21070226e+00  1.12152236e+00  1.11122487e+00
 2.30000000e+00  1.00000000e-01  1.00000000e+00 -1.47451503e-01 -8.48641299e-02  7.42395378e-02 -6.61888311e-04  4.06609763e-04 -1.52707329e-01 -2.34915315e-02  8.62046213e-04  1.94303590e-03  1.47082288e-04 -3.49036728e-04
 2.40000000e+00  1.00000000e-01  0.00000000e+00  1.12030708e+00  1.05276317e+00 -4.49612177e-02  1.33359045e+00  1.37212382e+00  1.22878870e-01  1.32270121e-02  1.10811408e-02  1.19488037e+00  1.11830968e+00  1.11118498e+00
 2.40000000e+00  1.00000000e-01  1.00000000e+00 -1.30535819e-01 -7.70930691e-02  6.54526657e-02 -5.81197517e-04  3.41075981e-04 -1.33128168e-01 -1.90370718e-02  7.46680779e-04  1.51016742e-03 -1.88297802e-05 -2.81078390e-04
 2.50000000e+00  1.00000000e-01  0.00000000e+00  1.10764080e+00  1.04612491e+00 -3.81621694e-02  1.33353409e+00  1.36530196e+00  1.07969109e-01  1.03586026e-02  8.39196466e-03  1.18342676e+00  1.11624399e+00  1.11116007e+00
 2.50000000e+00  1.00000000e-01  1.00000000e+00 -1.19476693e-01 -7.12001037e-02  5.87214294e-02 -5.13649608e-04  2.92746045e-04 -1.19617000e-01 -1.57508785e-02  6.54772755e-04  1.27722389e-03 -1.16755165e-04 -2.28793508e-04
 2.60000000e+00  1.00000000e-01  0.00000000e+00  1.09805698e+00  1.04088297e+00 -3.28651379e-02  1.33349172e+00  1.36008100e+00  9.63874708e-02  8.25644696e-03  6.47379536e-03  1.17440023e+00  1.11485671e+00  1.11114414e+00
 2.60000000e+00  1.00000000e-01  1.00000000e+00 -1.11410255e-01 -6.64550690e-02  5.32763781e-02 -4.56375794e-04  2.54808047e-04 -1.09275710e-01 -1.32191215e-02  5.78905730e-04  1.12877266e-03 -1.76426030e-04 -1.87892053e-04
 2.70000000e+00  1.00000000e-01  0.00000000e+00  1.09032281e+00  1.03660999e+00 -2.86119107e-02  1.33345945e+00  1.35596824e+00  8.68852793e-02  6.67187431e-03  5.06697894e-03  1.16695589e+00  1.11389623e+00  1.11113375e+00
 2.70000000e+00  1.00000000e-01  1.00000000e+00 -1.05090826e-01 -6.24873421e-02  4.87222622e-02 -4.07393207e-04  2.24004953e-04 -1.00849161e-01 -1.12147585e-02  5.15058633e-04  1.02102991e-03 -2.12492956e-04 -1.55509647e-04
 2.80000000e+00  1.00000000e-01  0.00000000e+00  1.08382023e+00  1.03304946e+00 -2.51248927e-02  1.33343461e+00  1.35266324e+00  7.88316158e-02  5.45273950e-03  4.01393494e-03  1.16065942e+00  1.11321538e+00  1.11112686e+00
 2.80000000e+00  1.00000000e-01  1.00000000e+00 -9.98944450e-02 -5.90840521e-02  4.48283397e-02 -3.65215030e-04  1.98441353e-04 -9.37091565e-02 -9.59759596e-03  4.60649502e-04  9.35547529e-04 -2.33217343e-04 -1.29620234e-04
 2.90000000e+00  1.00000000e-01  0.00000000e+00  1.07820105e+00  1.03003368e+00 -2.22212750e-02  1.33341530e+00  1.34996737e+00  7.18639396e-02  4.49962205e-03  3.21289738e-03  1.15525275e+00  1.11272331e+00  1.11112221e+00
 2.90000000e+00  1.00000000e-01  1.00000000e+00 -9.54716488e-02 -5.61109931e-02  4.14463600e-02 -3.28682813e-04  1.76903070e-04 -8.75014774e-02 -8.27413189e-03  4.13856718e-04  8.63544491e-04 -2.43692758e-04 -1.08744026e-04
 3.00000000e+00  1.00000000e-01  0.00000000e+00  1.07325253e+00  1.02744645e+00 -1.97737597e-02  1.33340015e+00  1.34774223e+00  6.57535788e-02  3.74461586e-03  2.59536091e-03  1.15056550e+00  1.11236173e+00  1.11111903e+00
 3.00000000e+00  1.00000000e-01  1.00000000e+00 -9.16116578e-02 -5.34778312e-02  3.84745040e-02 -2.96874836e-04  1.58548058e-04 -8.20090597e-02 -7.17871002e-03  3.73320149e-04  8.00583443e-04 -2.47229377e-04 -9.17797898e-05
 3.10000000e+00  1.00000000e-01  0.00000000e+00  1.06883590e+00  1.02520377e+00 -1.76900408e-02  1.33338818e+00  1.34588764e+00  6.03449041e-02  3.13982706e-03  2.11379983e-03  1.14647566e+00  1.11209215e+00  1.11111683e+00
 3.10000000e+00  1.00000000e-01  1.00000000e+00 -8.81798201e-02 -5.11206435e-02  3.58392327e-02 -2.69047652e-04  1.42761431e-04 -7.70895381e-02 -6.26351107e-03  3.37988017e-04  7.44299828e-04 -2.46054094e-04 -7.78964872e-05
 3.20000000e+00  1.00000000e-01  0.00000000e+00  1.06485503e+00  1.02324283e+00 -1.59010793e-02  1.33337864e+00  1.34432903e+00  5.55248243e-02  2.65063469e-03  1.73446946e-03  1.14289022e+00  1.11188853e+00  1.11111529e+00
 3.20000000e+00  1.00000000e-01  1.00000000e+00 -8.50854060e-02 -4.89922894e-02  3.34852595e-02 -2.44595505e-04  1.29080199e-04 -7.26435204e-02 -5.49274643e-03  3.07027907e-04  6.93314536e-04 -2.41700891e-04 -6.64597443e-05
 3.30000000e+00  1.00000000e-01  0.00000000e+00  1.06124002e+00  1.02151547e+00 -1.43540048e-02  1.33337098e+00  1.34300963e+00  5.12070299e-02  2.25151807e-03  1.43296095e-03  1.13973530e+00  1.11173292e+00  1.11111419e+00
 3.30000000e+00  1.00000000e-01  1.00000000e+00 -8.22646268e-02 -4.70568723e-02  3.13697359e-02 -2.23020759e-04  1.17146657e-04 -6.85980826e-02 -4.83906891e-03  2.79769921e-04  6.46755301e-04 -2.35242328e-04 -5.69805737e-05
 3.40000000e+00  1.00000000e-01  0.00000000e+00  1.05793822e+00  1.01998404e+00 -1.30075758e-02  1.33336479e+00  1.34188555e+00  4.73233408e-02  1.92335915e-03  1.19134354e-03  1.13695070e+00  1.11161273e+00  1.11111341e+00
 3.40000000e+00  1.00000000e-01  1.00000000e+00 -7.96712581e-02 -4.52863829e-02  2.94586803e-02 -2.03911704e-04  1.06678183e-04 -6.48977325e-02 -4.28123510e-03  2.55668031e-04  6.04039391e-04 -2.27435043e-04 -4.90787654e-05
 3.50000000e+00  1.00000000e-01  0.00000000e+00  1.05490840e+00  1.01861855e+00 -1.18291096e-02  1.33335975e+00  1.34092234e+00  4.38182087e-02  1.65163759e-03  9.96268548e-04  1.13448628e+00  1.11151898e+00  1.11111284e+00
 3.50000000e+00  1.00000000e-01  1.00000000e+00 -7.72705469e-02 -4.36584647e-02  2.77245929e-02 -1.86925567e-04  9.74486499e-05 -6.14986173e-02 -3.80251616e-03  2.34272696e-04  5.64731274e-04 -2.18815767e-04 -4.24563001e-05
 3.60000000e+00  1.00000000e-01  0.00000000e+00  1.05211756e+00  1.01739481e+00 -1.07923787e-02  1.33335563e+00  1.34009261e+00  4.06455418e-02  1.42519338e-03  8.37682475e-04  1.13229989e+00  1.11144519e+00  1.11111242e+00
 3.60000000e+00  1.00000000e-01  1.00000000e+00 -7.50358187e-02 -4.21549824e-02  2.61448892e-02 -1.71775327e-04  8.92743612e-05 -5.83652850e-02 -3.38958826e-03  2.15210667e-04  5.28492419e-04 -2.09765474e-04 -3.68778577e-05
 3.70000000e+00  1.00000000e-01  0.00000000e+00  1.04953856e+00  1.01629308e+00 -9.87609717e-03  1.33335224e+00  1.33937443e+00  3.77664148e-02  1.23535817e-03  7.07934370e-04  1.13035572e+00  1.11138661e+00  1.11111211e+00
 3.70000000e+00  1.00000000e-01  1.00000000e+00 -7.29459971e-02 -4.07609871e-02  2.47007665e-02 -1.58219367e-04  8.20047949e-05 -5.54683425e-02 -3.03173421e-03  1.98169815e-04  4.95038056e-04 -2.00553924e-04 -3.21563342e-05
 3.80000000e+00  1.00000000e-01  0.00000000e+00  1.04714874e+00  1.01529706e+00 -9.06282597e-03  1.33334944e+00  1.33875002e+00  3.51476086e-02  1.07533549e-03  6.01146958e-04  1.12862315e+00  1.11133976e+00  1.11111188e+00
 3.80000000e+00  1.00000000e-01  1.00000000e+00 -7.09841434e-02 -3.94640093e-02  2.33764069e-02 -1.46053291e-04  7.55153314e-05 -5.27830466e-02 -2.72025954e-03  1.82887456e-04  4.64123248e-04 -1.91370689e-04 -2.81419985e-05
 3.90000000e+00  1.00000000e-01  0.00000000e+00  1.04492887e+00  1.01439318e+00 -8.33815710e-03  1.33334711e+00  1.33820489e+00  3.27605197e-02  9.39750835e-04  5.12766679e-04  1.12707594e+00  1.11130201e+00  1.11111171e+00
 3.90000000e+00  1.00000000e-01  1.00000000e+00 -6.91364043e-02 -3.82535351e-02  2.21583809e-02 -1.35103383e-04  6.97019728e-05 -5.02882780e-02 -2.44805663e-03  1.69141263e-04  4.35532068e-04 -1.82347250e-04 -2.47142946e-05
 4.00000000e+00  1.00000000e-01  0.00000000e+00  1.04286242e+00  1.01357004e+00 -7.69009537e-03  1.33334517e+00  1.33772714e+00  3.05803236e-02  8.24320985e-04  4.39237644e-04  1.12569145e+00  1.11127138e+00  1.11111158e+00
 4.00000000e+00  1.00000000e-01  1.00000000e+00 -6.73912298e-02 -3.71206092e-02  2.10351918e-02 -1.25221362e-04  6.44773931e-05 -4.79657744e-02 -2.20927492e-03  1.56742097e-04  4.09069391e-04 -1.73572890e-04 -2.17755957e-05
 4.10000000e+00  1.00000000e-01  0.00000000e+00  1.04093504e+00  1.01281802e+00 -7.10858764e-03  1.33334353e+00  1.33730692e+00  2.85853716e-02  7.25607902e-04  3.77762769e-04  1.12445014e+00  1.11124637e+00  1.11111148e+00
 4.10000000e+00  1.00000000e-01  1.00000000e+00 -6.57388850e-02 -3.60575451e-02  1.99969319e-02 -1.16280132e-04  5.97677489e-05 -4.57996213e-02 -1.99906856e-03  1.45528289e-04  3.84558818e-04 -1.65106156e-04 -1.92464113e-05
 4.20000000e+00  1.00000000e-01  0.00000000e+00  1.03913419e+00  1.01212891e+00 -6.58515605e-03  1.33334216e+00  1.33693606e+00  2.67566929e-02  6.40833625e-04  3.26126860e-04  1.12333506e+00  1.11122583e+00  1.11111140e+00
 4.20000000e+00  1.00000000e-01  1.00000000e+00 -6.41710565e-02 -3.50576949e-02  1.90350101e-02 -1.08170332e-04  5.55102581e-05 -4.37758390e-02 -1.81340076e-03  1.35361046e-04  3.61839677e-04 -1.56983241e-04 -1.70616827e-05
 4.30000000e+00  1.00000000e-01  0.00000000e+00  1.03744881e+00  1.01149569e+00 -6.11261083e-03  1.33334099e+00  1.33660770e+00  2.50775987e-02  5.67739671e-04  2.82564388e-04  1.12233151e+00  1.11120886e+00  1.11111134e+00
 4.30000000e+00  1.00000000e-01  1.00000000e+00 -6.26805674e-02 -3.41152710e-02  1.81419357e-02 -1.00797512e-04  5.16512679e-05 -4.18820683e-02 -1.64889094e-03  1.26120727e-04  3.40765216e-04 -1.49224126e-04 -1.51679003e-05
 4.40000000e+00  1.00000000e-01  0.00000000e+00  1.03586910e+00  1.01091232e+00 -5.68482305e-03  1.33334001e+00  1.33631609e+00  2.35333616e-02  5.04479306e-04  2.45659799e-04  1.12142669e+00  1.11119477e+00  1.11111129e+00
 4.40000000e+00  1.00000000e-01  1.00000000e+00 -6.12611694e-02 -3.32252063e-02  1.73111463e-02 -9.40798148e-05  4.81447011e-05 -4.01073290e-02 -1.50269412e-03  1.17703807e-04  3.21201459e-04 -1.41837097e-04 -1.35208476e-05
 4.50000000e+00  1.00000000e-01  0.00000000e+00  1.03438633e+00  1.01037356e+00 -5.29654273e-03  1.33333916e+00  1.33605637e+00  2.21109431e-02  4.49534302e-04  2.14271747e-04  1.12060944e+00  1.11118301e+00  1.11111126e+00
 4.50000000e+00  1.00000000e-01  1.00000000e+00 -5.99073680e-02 -3.23830387e-02  1.65368665e-02 -8.79460566e-05  4.49508250e-05 -3.84418154e-02 -1.37240507e-03  1.10020382e-04  3.03025711e-04 -1.34822090e-04 -1.20838237e-05
 2.00001000e+00  1.00000000e+00  0.00000000e+00  2.50035858e+04  2.91713802e+00 -1.75955079e+00  1.40238053e+00  4.00725461e+00  2.50022776e+04  8.65310330e-01  2.85092601e-01  1.66691901e+04  2.51744627e+00  1.13898707e+00
 2.00001000e+00  1.00000000e+00  1.00000000e+00 -2.50029406e+04 -2.19247292e+00  1.91774872e+00 -2.00323629e-01  7.30919260e-01 -2.50024601e+04 -8.91081521e-01  1.49601168e+00  1.66682320e+04  1.52498179e-01 -8.03355808e-02
 2.00002000e+00  1.00000000e+00  0.00000000e+00  1.25034299e+04  2.80161349e+00 -1.64403470e+00  1.40236365e+00  3.82244074e+00  1.25021217e+04  8.07552285e-01  2.61996944e-01  8.33575277e+03  2.42502921e+00  1.13897864e+00
 2.00002000e+00  1.00000000e+00  1.00000000e+00 -1.25027846e+04 -2.07694839e+00  1.80223263e+00 -2.00306751e-01  6.84717819e-01 -1.25023041e+04 -8.33323476e-01  1.40359969e+00  8.33479476e+03  1.29408261e-01 -8.03271419e-02
 2.00005000e+00  1.00000000e+00  0.00000000e+00  5.00322372e+03  2.64889837e+00 -1.49134281e+00  1.40231719e+00  3.57816643e+00  5.00191555e+03  7.31206339e-01  2.31479381e-01  3.33561537e+03  2.30286417e+00  1.13895540e+00
 2.00005000e+00  1.00000000e+00  1.00000000e+00 -5.00257845e+03 -1.92423327e+00  1.64954074e+00 -2.00260288e-01  6.23654816e-01 -5.00209801e+03 -7.56977530e-01  1.28144859e+00  3.33465737e+03  9.89064957e-02 -8.03039103e-02
 2.00010000e+00  1.00000000e+00  0.00000000e+00  2.50306777e+03  2.53337384e+00 -1.37585377e+00  1.40224621e+00  3.39343393e+00  2.50175965e+03  6.73461819e-01  2.08413371e-01  1.66884479e+03  2.21045534e+00  1.13891992e+00
 2.00010000e+00  1.00000000e+00  1.00000000e+00 -2.50242250e+03 -1.80870874e+00  1.53405169e+00 -2.00189312e-01  5.77480209e-01 -2.50194212e+03 -6.99233009e-01  1.18906105e+00  1.66788682e+03  7.58646169e-02 -8.02684220e-02
 2.00020000e+00  1.00000000e+00  0.00000000e+00  1.25291183e+03  2.41784931e+00 -1.26039444e+00  1.40211581e+00  3.20879080e+00  1.25160380e+03  6.15732154e-01  1.85379924e-01  8.35407595e+02  2.11805554e+00  1.13885472e+00
 2.00020000e+00  1.00000000e+00  1.00000000e+00 -1.25226657e+03 -1.69318421e+00  1.41859236e+00 -2.00058911e-01  5.31335075e-01 -1.25178627e+03 -6.41503345e-01  1.09670037e+00  8.34449663e+02  5.28755068e-02 -8.02032217e-02
 2.00050000e+00  1.00000000e+00  0.00000000e+00  5.02705724e+02  2.26513419e+00 -1.10785406e+00  1.40176631e+00  2.96497226e+00  5.01397925e+02  5.39461968e-01  1.55028427e-01  3.35270446e+02  1.99593656e+00  1.13867996e+00
 2.00050000e+00  1.00000000e+00  1.00000000e+00 -5.02060458e+02 -1.54046909e+00  1.26605199e+00 -1.99709409e-01  4.70422380e-01 -5.01580394e+02 -5.65233159e-01  9.74686242e-01  3.34312630e+02  2.26428403e-02 -8.00284706e-02
 2.00100000e+00  1.00000000e+00  0.00000000e+00  2.52549849e+02  2.14960966e+00 -9.92588477e-01  1.40124843e+00  2.78091191e+00  2.51242400e+02  4.81829174e-01  1.32207321e-01  1.68500242e+02  1.90359566e+00  1.13842102e+00
 2.00100000e+00  1.00000000e+00  1.00000000e+00 -2.51904583e+02 -1.42494456e+00  1.15078640e+00 -1.99191525e-01  4.24469438e-01 -2.51424868e+02 -5.07600365e-01  8.82500702e-01  1.67542599e+02 -2.18475852e-06 -7.97695286e-02
 2.00200000e+00  1.00000000e+00  0.00000000e+00  1.27394039e+02  2.03408513e+00 -8.77524068e-01  1.40032818e+00  2.59745671e+00  1.26087211e+02  4.24296970e-01  1.09606709e-01  8.50637102e+01  1.81131591e+00  1.13796090e+00
 2.00200000e+00  1.00000000e+00  1.00000000e+00 -1.26748773e+02 -1.30942003e+00  1.03572200e+00 -1.98271281e-01  3.78716067e-01 -1.26269679e+02 -4.50068161e-01  7.90497028e-01  8.41063737e+01 -2.22899146e-02 -7.93094069e-02
 2.00500000e+00  1.00000000e+00  0.00000000e+00  5.21882502e+01  1.88137001e+00 -7.25980810e-01  1.39798446e+00  2.35663748e+00  5.08830042e+01  3.48525341e-01  8.03480476e-02  3.49282364e+01  1.68950006e+00  1.13678904e+00
 2.00500000e+00  1.00000000e+00  1.00000000e+00 -5.15429845e+01 -1.15670491e+00  8.84178739e-01 -1.95927553e-01  3.18792507e-01 -5.10654726e+01 -3.74296532e-01  6.69384296e-01  3.39716812e+01 -5.07517081e-02 -7.81375426e-02
 2.01000000e+00  1.00000000e+00  0.00000000e+00  2.70328160e+01  1.76584548e+00 -6.12086290e-01  1.39472444e+00  2.17670130e+00  2.57297705e+01  2.91578081e-01  5.90296321e-02  1.81603377e+01  1.59757596e+00  1.13515903e+00
 2.01000000e+00  1.00000000e+00  1.00000000e+00 -2.63875503e+01 -1.04118038e+00  7.70284218e-01 -1.92667534e-01  2.74199665e-01 -2.59122389e+01 -3.17349272e-01  5.78438200e-01  1.72048691e+01 -7.09617171e-02 -7.65075331e-02
 2.02000000e+00  1.00000000e+00  0.00000000e+00  1.43777201e+01  1.65032095e+00 -4.99244156e-01  1.38935964e+00  1.99993070e+00  1.30782958e+01  2.35157014e-01  3.88646327e-02  9.72754123e+00  1.50597178e+00  1.13247663e+00
 2.02000000e+00  1.00000000e+00  1.00000000e+00 -1.37324544e+01 -9.25655847e-01  6.57442085e-01 -1.87302741e-01  2.30650790e-01 -1.32607642e+01 -2.60928205e-01  4.88443463e-01  8.77386095e+00 -8.93026869e-02 -7.38251365e-02
 2.02500000e+00  1.00000000e+00  0.00000000e+00  1.18227731e+01  1.61590235e+00 -4.68008188e-01  1.38932686e+00  1.95241762e+00  1.05276763e+01  2.19823568e-01  3.39964008e-02  8.02841739e+00  1.48123574e+00  1.13254349e+00
 2.02500000e+00  1.00000000e+00  1.00000000e+00 -1.11761823e+01 -8.89093466e-01  6.23729050e-01 -1.83837781e-01  2.16637855e-01 -1.07091031e+01 -2.44883080e-01  4.60824311e-01  7.07221352e+00 -9.31316524e-02 -7.13603440e-02
 2.05000000e+00  1.00000000e+00  0.00000000e+00  6.67870345e+00  1.50311826e+00 -3.62124490e-01  1.38163718e+00  1.79073950e+00  5.39307910e+00  1.67067126e-01  1.76047255e-02  4.60831431e+00  1.39448511e+00  1.12918464e+00
 2.05000000e+00  1.00000000e+00  1.00000000e+00 -6.03066925e+00 -7.74183178e-01  5.15371221e-01 -1.72796255e-01  1.75024627e-01 -5.57335906e+00 -1.91453756e-01  3.74066886e-01  3.65327568e+00 -1.06253456e-01 -6.57057682e-02
 2.10000000e+00  1.00000000e+00  0.00000000e+00  4.03197351e+00  1.39300576e+00 -2.63002023e-01  1.37107616e+00  1.64403380e+00  2.76150851e+00  1.17881501e-01  5.02584085e-03  2.85858553e+00  1.31236321e+00  1.12461790e+00
 2.10000000e+00  1.00000000e+00  1.00000000e+00 -3.38107320e+00 -6.59874410e-01  4.11429630e-01 -1.55772482e-01  1.35654690e-01 -2.93948842e+00 -1.40958552e-01  2.90690825e-01  1.90412774e+00 -1.13621240e-01 -5.67276218e-02
 2.20000000e+00  1.00000000e+00  0.00000000e+00  2.64103040e+00  1.28803744e+00 -1.74580185e-01  1.35835252e+00  1.51974199e+00  1.39389374e+00  7.43952294e-02 -2.53864799e-03  1.95409450e+00  1.23827160e+00  1.11942159e+00
 2.20000000e+00  1.00000000e+00  1.00000000e+00 -1.98447588e+00 -5.46750592e-01  3.13823045e-01 -1.31066766e-01  9.90153699e-02 -1.56724392e+00 -9.50332233e-02  2.12272214e-01  9.97601853e-01 -1.12946590e-01 -4.38648949e-02
 2.30000000e+00  1.00000000e+00  0.00000000e+00  2.14661453e+00  1.23065693e+00 -1.29825668e-01  1.35083564e+00  1.46079221e+00  9.17880580e-01  5.27095945e-02 -4.38826256e-03  1.64275694e+00  1.20063481e+00  1.11657446e+00
 2.30000000e+00  1.00000000e+00  1.00000000e+00 -1.48450782e+00 -4.81539832e-01  2.60484402e-01 -1.12783533e-01  7.90071132e-02 -1.08657147e+00 -7.11482702e-02  1.69536914e-01  6.82140856e-01 -1.07825967e-01 -3.47806097e-02
 2.40000000e+00  1.00000000e+00  0.00000000e+00  1.88607218e+00  1.19255402e+00 -1.01937959e-01  1.34597922e+00  1.42616348e+00  6.72769560e-01  3.94283286e-02 -4.63704546e-03  1.48468320e+00  1.17734094e+00  1.11484716e+00
 2.40000000e+00  1.00000000e+00  1.00000000e+00 -1.21851231e+00 -4.35937152e-01  2.24606632e-01 -9.83085499e-02  6.55496407e-02 -8.36781541e-01 -5.58971061e-02  1.41019477e-01  5.18838644e-01 -1.01739762e-01 -2.79945272e-02
 2.50000000e+00  1.00000000e+00  0.00000000e+00  1.72266492e+00  1.16486474e+00 -8.27660438e-02  1.34268751e+00  1.40365025e+00  5.22723233e-01  3.04763286e-02 -4.33705849e-03  1.38953869e+00  1.16156629e+00  1.11373712e+00
 2.50000000e+00  1.00000000e+00  1.00000000e+00 -1.04974951e+00 -4.01078941e-01  1.98020641e-01 -8.64623805e-02  5.56205916e-02 -6.82049709e-01 -4.51905225e-02  1.20137623e-01  4.17824160e-01 -9.55135477e-02 -2.27824529e-02
 2.60000000e+00  1.00000000e+00  0.00000000e+00  1.60952832e+00  1.14364634e+00 -6.87834437e-02  1.34038347e+00  1.38809273e+00  4.21393118e-01  2.40938633e-02 -3.85958716e-03  1.32652846e+00  1.15031994e+00  1.11299572e+00
 2.60000000e+00  1.00000000e+00  1.00000000e+00 -9.31352186e-01 -3.73018180e-01  1.77174315e-01 -7.65719613e-02  4.79110950e-02 -5.76037574e-01 -3.72507889e-02  1.04004028e-01  3.48579167e-01 -8.94273216e-02 -1.87094712e-02
 2.70000000e+00  1.00000000e+00  0.00000000e+00  1.52605047e+00  1.12680243e+00 -5.81690561e-02  1.33873110e+00  1.37688594e+00  3.48497278e-01  1.93703285e-02 -3.35298351e-03  1.28218358e+00  1.14203289e+00  1.11248650e+00
 2.70000000e+00  1.00000000e+00  1.00000000e+00 -8.42706400e-01 -3.49650602e-01  1.60214379e-01 -6.82014188e-02  4.17300767e-02 -4.98475704e-01 -3.11484880e-02  9.10970701e-02  2.97823014e-01 -8.35949496e-02 -1.54863072e-02
 2.80000000e+00  1.00000000e+00  0.00000000e+00  1.46166766e+00  1.11308670e+00 -4.98708749e-02  1.33752252e+00  1.36856088e+00  2.93698157e-01  1.57804269e-02 -2.87632341e-03  1.24963992e+00  1.13578460e+00  1.11212913e+00
 2.80000000e+00  1.00000000e+00  1.00000000e+00 -7.73247080e-01 -3.29719275e-01  1.46053470e-01 -6.10452125e-02  3.66637419e-02 -4.39041386e-01 -2.63395208e-02  8.05165061e-02  2.58830059e-01 -7.80662215e-02 -1.29096103e-02
 2.90000000e+00  1.00000000e+00  0.00000000e+00  1.41037286e+00  1.10170027e+00 -4.32348812e-02  1.33662371e+00  1.36222697e+00  2.51151559e-01  1.29964916e-02 -2.45130407e-03  1.22501565e+00  1.13099208e+00  1.11187390e+00
 2.90000000e+00  1.00000000e+00  1.00000000e+00 -7.16965502e-01 -3.12412720e-01  1.34001314e-01 -5.48778798e-02  3.24443653e-02 -3.91905223e-01 -2.24781678e-02  7.16842002e-02  2.27823922e-01 -7.28622104e-02 -1.08316635e-02
 3.00000000e+00  1.00000000e+00  0.00000000e+00  1.36847902e+00  1.09210175e+00 -3.78309879e-02  1.33594554e+00  1.35731422e+00  2.17291663e-01  1.08029518e-02 -2.08308736e-03  1.20594364e+00  1.12726645e+00  1.11168893e+00
 3.00000000e+00  1.00000000e+00  1.00000000e+00 -6.70174540e-01 -2.97175857e-01  1.23592085e-01 -4.95271369e-02  2.88862269e-02 -3.53518375e-01 -1.93321752e-02  6.42077874e-02  2.02516469e-01 -6.79884966e-02 -9.14283310e-03
 3.10000000e+00  1.00000000e+00  0.00000000e+00  1.33358922e+00  1.08390862e+00 -3.33643172e-02  1.33542726e+00  1.35344155e+00  1.89814968e-01  9.05194376e-03 -1.76868475e-03  1.19089614e+00  1.12433792e+00  1.11155316e+00
 3.10000000e+00  1.00000000e+00  1.00000000e+00 -6.30476899e-01 -2.83611905e-01  1.14496629e-01 -4.48580443e-02  2.58554667e-02 -3.21592461e-01 -1.67386084e-02  5.78082054e-02  1.81437876e-01 -6.34411480e-02 -7.76047930e-03
 3.20000000e+00  1.00000000e+00  0.00000000e+00  1.30406996e+00  1.07684156e+00 -2.96257723e-02  1.33502662e+00  1.35034648e+00  1.67162021e-01  7.63880617e-03 -1.50253768e-03  1.17884274e+00  1.12201414e+00  1.11145237e+00
 3.20000000e+00  1.00000000e+00  1.00000000e+00 -5.96239739e-01 -2.71427176e-01  1.06473721e-01 -4.07629693e-02  2.32516265e-02 -2.94582628e-01 -1.45792894e-02  5.22806137e-02  1.63597667e-01 -5.92103389e-02 -6.62154683e-03
 3.30000000e+00  1.00000000e+00  0.00000000e+00  1.27876885e+00  1.07069114e+00 -2.64630619e-02  1.33471369e+00  1.34784320e+00  1.48240188e-01  6.48749339e-03 -1.27824533e-03  1.16906456e+00  1.12015481e+00  1.11137677e+00
 3.30000000e+00  1.00000000e+00  1.00000000e+00 -5.66311578e-01 -2.60398096e-01  9.93412313e-02 -3.71548507e-02  2.09986087e-02 -2.71408871e-01 -1.27662668e-02  4.74693819e-02  1.48302506e-01 -5.52823648e-02 -5.67743042e-03
 3.40000000e+00  1.00000000e+00  0.00000000e+00  1.25684546e+00  1.06529688e+00 -2.37626287e-02  1.33446693e+00  1.34579716e+00  1.32258901e-01  5.54167419e-03 -1.08959971e-03  1.16104532e+00  1.11865599e+00  1.11131953e+00
 3.40000000e+00  1.00000000e+00  1.00000000e+00 -5.39852663e-01 -2.50350460e-01  9.29582121e-02 -3.39624765e-02  1.90367385e-02 -2.51290466e-01 -1.12327368e-02  4.32542771e-02  1.35050267e-01 -5.16411832e-02 -4.89032712e-03
 3.50000000e+00  1.00000000e+00  0.00000000e+00  1.23767202e+00  1.06053357e+00 -2.14381572e-02  1.33427067e+00  1.34410914e+00  1.18632399e-01  4.75889550e-03 -9.30990404e-04  1.15440598e+00  1.11743954e+00  1.11127582e+00
 3.50000000e+00  1.00000000e+00  1.00000000e+00 -5.16236011e-01 -2.41145882e-01  8.72133358e-02 -3.11270589e-02  1.73187350e-02 -2.33649461e-01 -9.92709257e-03  3.95404405e-02  1.23467183e-01 -4.82694809e-02 -4.23059776e-03
 3.60000000e+00  1.00000000e+00  0.00000000e+00  1.22076976e+00  1.05630194e+00 -1.94229283e-02  1.33411331e+00  1.34270474e+00  1.06917882e-01  4.10670672e-03 -7.97536838e-04  1.14886289e+00  1.11644605e+00  1.11124217e+00
 3.60000000e+00  1.00000000e+00  1.00000000e+00 -4.94983270e-01 -2.32672599e-01  8.20171413e-02 -2.85996846e-02  1.58066362e-02 -2.18048370e-01 -8.80890462e-03  3.62518570e-02  1.13268324e-01 -4.51494598e-02 -3.67483132e-03
 3.70000000e+00  1.00000000e+00  0.00000000e+00  1.20576544e+00  1.05252230e+00 -1.76646106e-02  1.33398621e+00  1.34152739e+00  9.67735177e-02  3.55999952e-03 -6.85084929e-04  1.14420019e+00  1.11562991e+00  1.11121606e+00
 3.70000000e+00  1.00000000e+00  1.00000000e+00 -4.75721610e-01 -2.24839069e-01  7.72966744e-02 -2.63393777e-02  1.44696187e-02 -2.04148963e-01 -7.84612084e-03  3.33268035e-02  1.04231675e-01 -4.22633946e-02 -3.20440861e-03
 3.80000000e+00  1.00000000e+00  0.00000000e+00  1.19236427e+00  1.04912987e+00 -1.61216257e-02  1.33388284e+00  1.34053351e+00  8.79320530e-02  3.09913938e-03 -5.90144498e-04  1.14025140e+00  1.11495581e+00  1.11119567e+00
 3.80000000e+00  1.00000000e+00  1.00000000e+00 -4.58156247e-01 -2.17569385e-01  7.29916875e-02 -2.43116032e-02  1.32824135e-02 -1.91685700e-01 -7.01306819e-03  3.07145948e-02  9.61812950e-02 -3.95940371e-02 -2.80442581e-03
 3.90000000e+00  1.00000000e+00  0.00000000e+00  1.18032982e+00  1.04607146e+00 -1.47605588e-02  1.33379822e+00  1.33968916e+00  8.01814955e-02  2.70862755e-03 -5.09805665e-04  1.13688651e+00  1.11439616e+00  1.11117963e+00
 3.90000000e+00  1.00000000e+00  1.00000000e+00 -4.42050498e-01 -2.10799926e-01  6.90518794e-02 -2.24870951e-02  1.22241295e-02 -1.80446828e-01 -6.28899696e-03  2.83732033e-02  8.89755010e-02 -3.71248480e-02 -2.46288055e-03
 4.00000000e+00  1.00000000e+00  0.00000000e+00  1.16947007e+00  1.04330302e+00 -1.35542800e-02  1.33372854e+00  1.33896764e+00  7.33516506e-02  2.37612675e-03 -4.41652985e-04  1.13400291e+00  1.11392927e+00  1.11116693e+00
 4.00000000e+00  1.00000000e+00  1.00000000e+00 -4.27211758e-01 -2.04476858e-01  6.54348510e-02 -2.08409285e-02  1.12773649e-02 -1.70261146e-01 -5.65700187e-03  2.62674844e-02  8.24986486e-02 -3.48401770e-02 -2.17005162e-03
 4.10000000e+00  1.00000000e+00  0.00000000e+00  1.15962757e+00  1.04078771e+00 -1.24805587e-02  1.33367084e+00  1.33834774e+00  6.73045861e-02  2.09174132e-03 -3.83685848e-04  1.13151887e+00  1.11353798e+00  1.11115683e+00
 4.10000000e+00  1.00000000e+00  1.00000000e+00 -4.13481846e-01 -1.98554242e-01  6.21045626e-02 -1.93517785e-02  1.04275269e-02 -1.60988859e-01 -5.10321026e-03  2.43678291e-02  7.66552515e-02 -3.27253450e-02 -1.91802256e-03
 4.20000000e+00  1.00000000e+00  0.00000000e+00  1.15067155e+00  1.03849457e+00 -1.15210268e-02  1.33362280e+00  1.33781245e+00  6.19272401e-02  1.84747883e-03 -3.34248438e-04  1.12936864e+00  1.11320862e+00  1.11114873e+00
 4.20000000e+00  1.00000000e+00  1.00000000e+00 -4.00728910e-01 -1.92992580e-01  5.90301521e-02 -1.80013220e-02  9.66230281e-03 -1.52514145e-01 -4.61616354e-03  2.26491268e-02  7.13656094e-02 -3.07666789e-02 -1.70031340e-03
 4.30000000e+00  1.00000000e+00  0.00000000e+00  1.14249273e+00  1.03639732e+00 -1.06603922e-02  1.33358260e+00  1.33734807e+00  5.71263111e-02  1.63684268e-03 -2.91969898e-04  1.12749898e+00  1.11293023e+00  1.11114222e+00
 4.30000000e+00  1.00000000e+00  1.00000000e+00 -3.88842413e-01 -1.87757675e-01  5.61850146e-02 -1.67737527e-02  8.97124597e-03 -1.44740418e-01 -4.18634032e-03  2.10899550e-02  6.65626249e-02 -2.89515117e-02 -1.51159396e-03
 4.40000000e+00  1.00000000e+00  0.00000000e+00  1.13499894e+00  1.03447359e+00 -9.88583560e-03  1.33354881e+00  1.33694344e+00  5.28241727e-02  1.45452090e-03 -2.55714128e-04  1.12586643e+00  1.11269401e+00  1.11113694e+00
 4.40000000e+00  1.00000000e+00  1.00000000e+00 -3.77728780e-01 -1.82819740e-01  5.35460789e-02 -1.56553841e-02  8.34544692e-03 -1.37586342e-01 -3.80578524e-03  1.96719398e-02  6.21893499e-02 -2.72681558e-02 -1.34745938e-03
 4.50000000e+00  1.00000000e+00  0.00000000e+00  1.12811192e+00  1.03270416e+00 -9.18654240e-03  1.33352028e+00  1.33658942e+00  4.89557916e-02  1.29614615e-03 -2.24538144e-04  1.12443532e+00  1.11249281e+00  1.11113265e+00
 4.50000000e+00  1.00000000e+00  1.00000000e+00 -3.67308178e-01 -1.78152677e-01  5.10932299e-02 -1.46343235e-02  7.77727103e-03 -1.30982877e-01 -3.46781733e-03  1.83792449e-02  5.81971087e-02 -2.57058620e-02 -1.20425331e-03
 2.00001000e+00  1.00000000e+01  0.00000000e+00  1.50297233e+03  5.13382129e-01 -1.27254591e-03  1.55986073e-03  5.32836988e-03  1.50220532e+01  2.98389096e-03 -8.20350478e-04  1.00123020e+01  7.59625200e-03  1.34024960e-03
 2.00001000e+00  1.00000000e+01  1.00000000e+00 -1.50296871e+03 -4.92974755e-01  1.34572453e-03 -1.20381531e-03  1.03097712e-02 -1.50220827e+01 -3.01415590e-03  3.43356328e-02  1.00150906e+02  2.61783116e-02 -8.83939644e-04
 2.00002000e+00  1.00000000e+01  0.00000000e+00  7.51639721e+02  4.83946051e-01 -1.16572794e-03  1.55955387e-03  4.99262925e-03  7.50919570e+00  2.74314053e-03 -7.59203284e-04  5.00404212e+00  7.05391183e-03  1.33999345e-03
 2.00002000e+00  1.00000000e+01  1.00000000e+00 -7.51636098e+02 -4.63538677e-01  1.23890655e-03 -1.20350845e-03  9.47060005e-03 -7.50922525e+00 -2.77340547e-03  3.16264245e-02  5.00648773e+01  2.40725447e-02 -8.83683498e-04
 2.00005000e+00  1.00000000e+01  0.00000000e+00  3.00827309e+02  4.45040662e-01 -1.02468515e-03  1.55870908e-03  4.54927755e-03  3.00169091e+00  2.42516238e-03 -6.78309115e-04  1.99945013e+00  6.33790894e-03  1.33928830e-03
 2.00005000e+00  1.00000000e+01  1.00000000e+00 -3.00823686e+02 -4.24633288e-01  1.09786376e-03 -1.20266366e-03  8.36271754e-03 -3.00172046e+00 -2.45542732e-03  2.80483037e-02  2.00144337e+01  2.12911944e-02 -8.82978347e-04
 2.00010000e+00  1.00000000e+01  0.00000000e+00  1.50546557e+02  4.15620239e-01 -9.18232021e-04  1.55741860e-03  4.21459703e-03  1.49935170e+00  2.18503153e-03 -6.17023100e-04  9.98200296e-01  5.79765598e-03  1.33821112e-03
 2.00010000e+00  1.00000000e+01  1.00000000e+00 -1.50542935e+02 -3.95212865e-01  9.91410634e-04 -1.20137318e-03  7.52677502e-03 -1.49938126e+00 -2.21529647e-03  2.53463925e-02  9.99852870e+00  1.91906288e-02 -8.81901167e-04
 2.00020000e+00  1.00000000e+01  0.00000000e+00  7.53973021e+01  3.86217013e-01 -8.12179656e-04  1.55504767e-03  3.88108095e-03  7.48327134e-01  1.94558125e-03 -5.55584597e-04  4.97824525e-01  5.25969567e-03  1.33623209e-03
 2.00020000e+00  1.00000000e+01  1.00000000e+00 -7.53936801e+01 -3.65809639e-01  8.85358269e-04 -1.19900226e-03  6.69437894e-03 -7.48356689e-01 -1.97584619e-03  2.26524967e-02  4.99138977e+00  1.70957767e-02 -8.79922132e-04
 2.00050000e+00  1.00000000e+01  0.00000000e+00  3.02949649e+01  3.47399319e-01 -6.73180576e-04  1.54869309e-03  3.44366749e-03  2.97921437e-01  1.63107371e-03 -4.73912805e-04  1.97953205e-01  4.55538440e-03  1.33092785e-03
 2.00050000e+00  1.00000000e+01  1.00000000e+00 -3.02913428e+01 -3.26991944e-01  7.46359188e-04 -1.19264767e-03  5.60458179e-03 -2.97950991e-01 -1.66133865e-03  1.91152512e-02  1.98828276e+00  1.43435622e-02 -8.74617893e-04
 2.00100000e+00  1.00000000e+01  0.00000000e+00  1.52509990e+01  3.18108225e-01 -5.69741423e-04  1.53927702e-03  3.11774440e-03  1.47947650e-01  1.39606115e-03 -4.11479988e-04  9.82625337e-02  4.03237367e-03  1.32306815e-03
 2.00100000e+00  1.00000000e+01  1.00000000e+00 -1.52473769e+01 -2.97700850e-01  6.42920035e-04 -1.18323160e-03  4.79531071e-03 -1.47977205e-01 -1.42632610e-03  1.64736209e-02  9.88160884e-01  1.22859648e-02 -8.66758195e-04
 2.00200000e+00  1.00000000e+01  0.00000000e+00  7.72029028e+00  2.88933567e-01 -4.69015810e-04  1.52254532e-03  2.79970580e-03  7.31042427e-02  1.16565670e-03 -3.48014684e-04  4.86427689e-02  3.52488646e-03  1.30910202e-03
 2.00200000e+00  1.00000000e+01  1.00000000e+00 -7.71666819e+00 -2.68526192e-01  5.42194422e-04 -1.16649990e-03  4.01005244e-03 -7.31337969e-02 -1.19592164e-03  1.38862628e-02  4.88920504e-01  1.02670524e-02 -8.52792066e-04
 2.00500000e+00  1.00000000e+01  0.00000000e+00  3.18949337e+00  2.50692971e-01 -3.43465923e-04  1.47993207e-03  2.40137047e-03  2.84030807e-02  8.73988426e-04 -2.61225542e-04  1.91617754e-02  2.89751489e-03  1.27353229e-03
 2.00500000e+00  1.00000000e+01  1.00000000e+00 -3.18587128e+00 -2.30285597e-01  4.16644536e-04 -1.12388665e-03  3.03927072e-03 -2.84326349e-02 -9.04253369e-04  1.06180078e-02  1.90571359e-01  7.70657384e-03 -8.17222333e-04
 2.01000000e+00  1.00000000e+01  0.00000000e+00  1.66993796e+00  2.22195409e-01 -2.58519912e-04  1.42065900e-03  2.12918126e-03  1.36584539e-02  6.70380706e-04 -1.91756180e-04  9.51474941e-03  2.48029911e-03  1.22405641e-03
 2.01000000e+00  1.00000000e+01  1.00000000e+00 -1.66631587e+00 -2.01788035e-01  3.31698524e-04 -1.06461358e-03  2.39365026e-03 -1.36880081e-02 -7.00645649e-04  8.34624940e-03  9.20610546e-02  5.91262044e-03 -7.67746460e-04
 2.02000000e+00  1.00000000e+01  0.00000000e+00  9.02268459e-01  1.94306937e-01 -1.87768634e-04  1.32311731e-03  1.89823644e-03  6.42121513e-03  4.90878317e-04 -1.16885794e-04  4.78888587e-03  2.14428809e-03  1.14263732e-03
 2.02000000e+00  1.00000000e+01  1.00000000e+00 -8.98646371e-01 -1.73899562e-01  2.60947246e-04 -9.67071887e-04  1.87364271e-03 -6.45076934e-03 -5.21143260e-04  6.35839267e-03  4.36643539e-02  4.32103160e-03 -6.86327362e-04
 2.02500000e+00  1.00000000e+01  0.00000000e+00  7.43945042e-01  1.87969828e-01 -1.48253211e-03  1.44663848e-03  1.77620413e-03  4.93756997e-02  4.10590192e-03 -1.32222088e-04  4.04550720e-03  1.87472400e-03  1.23167212e-03
 2.02500000e+00  1.00000000e+01  1.00000000e+00 -7.39374864e-01 -1.66348594e-01  2.20637617e-03 -1.05851456e-03  1.52169538e-03 -4.96435574e-02 -4.40384964e-03  5.39899175e-03  3.36120724e-02  3.63606456e-03 -7.36620538e-04
 2.05000000e+00  1.00000000e+01  0.00000000e+00  4.32236577e-01  1.63661455e-01 -8.83689499e-04  1.40668717e-03  1.58282206e-03  2.20531344e-02  2.57562995e-03 -8.20811970e-05  2.35753391e-03  1.56051178e-03  1.19534916e-03
 2.05000000e+00  1.00000000e+01  1.00000000e+00 -4.27612741e-01 -1.40862795e-01  1.59704631e-03 -9.87585291e-04  1.06104008e-03 -2.23805963e-02 -2.87070523e-03  3.68008753e-03  1.52803137e-02  2.27504379e-03 -6.69804981e-04
 2.10000000e+00  1.00000000e+01  0.00000000e+00  2.70515841e-01  1.42470651e-01 -4.65556777e-04  1.37056621e-03  1.44832548e-03  9.24406985e-03  1.40974460e-03 -4.22526119e-05  1.59086171e-03  1.33196096e-03  1.15693314e-03
 2.10000000e+00  1.00000000e+01  1.00000000e+00 -2.65098197e-01 -1.17409387e-01  1.15576352e-03 -8.91830674e-04  7.31253827e-04 -9.62277280e-03 -1.69568382e-03  2.35813136e-03  6.70710486e-03  1.21171178e-03 -5.71628613e-04
 2.20000000e+00  1.00000000e+01  0.00000000e+00  1.85994238e-01  1.25507958e-01 -2.19164785e-04  1.34683413e-03  1.37363500e-03  3.54328173e-03  6.39114782e-04 -1.65053247e-05  1.26661939e-03  1.19403876e-03  1.12839965e-03
 2.20000000e+00  1.00000000e+01  1.00000000e+00 -1.78675848e-01 -9.62691113e-02  8.58857790e-04 -7.60767155e-04  5.08054815e-04 -3.99014753e-03 -9.00850476e-04  1.44728253e-03  2.96505871e-03  4.57308044e-04 -4.40046709e-04
 2.30000000e+00  1.00000000e+01  0.00000000e+00  1.56770295e-01  1.17861576e-01 -1.36110443e-04  1.33953024e-03  1.35209743e-03  1.91551286e-03  3.59245114e-04 -8.05914869e-06  1.18248227e-03  1.15069185e-03  1.11892317e-03
 2.30000000e+00  1.00000000e+01  1.00000000e+00 -1.47449595e-01 -8.48641299e-02  7.26569649e-04 -6.61888311e-04  4.06609763e-04 -2.41074749e-03 -5.93581439e-04  1.07662326e-03  1.94303103e-03  1.47081106e-04 -3.49036728e-04
 2.40000000e+00  1.00000000e+01  0.00000000e+00  1.41902045e-01  1.13481060e-01 -9.58525492e-05  1.33660011e-03  1.34349602e-03  1.20491277e-03  2.24948130e-04 -4.45560440e-06  1.14967524e-03  1.13263900e-03  1.11507435e-03
 2.40000000e+00  1.00000000e+01  1.00000000e+00 -1.30535434e-01 -7.70930691e-02  6.41046741e-04 -5.81197517e-04  3.41075981e-04 -1.73220668e-03 -4.32256212e-04  8.67382170e-04  1.51016756e-03 -1.88291558e-05 -2.81078390e-04
 2.50000000e+00  1.00000000e+01  0.00000000e+00  1.32903121e-01  1.10656255e-01 -7.24152076e-05  1.33522325e-03  1.33940186e-03  8.27277703e-04  1.50727109e-04 -2.67300623e-06  1.13412453e-03  1.12385855e-03  1.11329058e-03
 2.50000000e+00  1.00000000e+01  1.00000000e+00 -1.19476598e-01 -7.12001037e-02  5.76732852e-04 -5.13649608e-04  2.92746045e-04 -1.37341108e-03 -3.33090341e-04  7.27932788e-04  1.27722393e-03 -1.16754942e-04 -2.28793508e-04
 2.60000000e+00  1.00000000e+01  0.00000000e+00  1.26885602e-01  1.08697420e-01 -5.71627779e-05  1.33450306e-03  1.33721825e-03  6.02350539e-04  1.05988424e-04 -1.70451772e-06  1.12586623e-03  1.11915957e-03  1.11238878e-03
 2.60000000e+00  1.00000000e+01  1.00000000e+00 -1.11410227e-01 -6.64550690e-02  5.24747375e-04 -4.56375794e-04  2.54808047e-04 -1.15725131e-03 -2.66078007e-04  6.25740925e-04  1.12877267e-03 -1.76426030e-04 -1.87892053e-04
 2.70000000e+00  1.00000000e+01  0.00000000e+00  1.22586169e-01  1.07268732e-01 -4.65131999e-05  1.33409534e-03  1.33595352e-03  4.57218229e-04  7.72340497e-05 -1.13721493e-06  1.12107129e-03  1.11643554e-03  1.11189631e-03
 2.70000000e+00  1.00000000e+01  1.00000000e+00 -1.05090817e-01 -6.24873421e-02  4.81085605e-04 -4.07393207e-04  2.24004953e-04 -1.01341269e-03 -2.17804449e-04  5.46292126e-04  1.02102991e-03 -2.12492956e-04 -1.55509647e-04
 2.80000000e+00  1.00000000e+01  0.00000000e+00  1.19368638e-01  1.06187539e-01 -3.86891242e-05  1.33385023e-03  1.33517444e-03  3.58264936e-04  5.78980409e-05 -7.87258980e-07  1.11812129e-03  1.11477234e-03  1.11161355e-03
 2.80000000e+00  1.00000000e+01  1.00000000e+00 -9.98944415e-02 -5.90840521e-02  4.43545323e-04 -3.65215030e-04  1.98441353e-04 -9.10277522e-04 -1.81498919e-04  4.82179633e-04  9.35547530e-04 -2.33217343e-04 -1.29620234e-04
 2.90000000e+00  1.00000000e+01  0.00000000e+00  1.16875144e-01  1.05345468e-01 -3.27289183e-05  1.33369565e-03  1.33467045e-03  2.87797731e-04  4.44068172e-05 -5.61574184e-07  1.11621291e-03  1.11370869e-03  1.11144350e-03
 2.90000000e+00  1.00000000e+01  1.00000000e+00 -9.54716488e-02 -5.61109931e-02  4.10768571e-04 -3.28682813e-04  1.76903070e-04 -8.31693489e-04 -1.53315567e-04  4.29104628e-04  8.63544491e-04 -2.43692758e-04 -1.08744026e-04
 3.00000000e+00  1.00000000e+01  0.00000000e+00  1.14889423e-01  1.04674336e-01 -2.80627968e-05  1.33359427e-03  1.33433118e-03  2.35838653e-04  3.47036038e-05 -4.10499451e-07  1.11492511e-03  1.11300095e-03  1.11133696e-03
 3.00000000e+00  1.00000000e+01  1.00000000e+00 -9.16116578e-02 -5.34778312e-02  3.81834807e-04 -2.96874836e-04  1.58548058e-04 -7.68850337e-04 -1.30910540e-04  3.84362884e-04  8.00583443e-04 -2.47229377e-04 -9.17797898e-05
 3.10000000e+00  1.00000000e+01  0.00000000e+00  1.13273601e-01  1.04129299e-01 -2.43279864e-05  1.33352561e-03  1.33409521e-03  1.96471160e-04  2.75562614e-05 -3.06425784e-07  1.11402856e-03  1.11251622e-03  1.11126823e-03
 3.10000000e+00  1.00000000e+01  1.00000000e+00 -8.81798201e-02 -5.11206435e-02  3.56077586e-04 -2.69047652e-04  1.42761431e-04 -7.16700275e-04 -1.12774135e-04  3.46140448e-04  7.44299828e-04 -2.46054094e-04 -7.78964872e-05
 3.20000000e+00  1.00000000e+01  0.00000000e+00  1.11935323e-01  1.03679635e-01 -2.12849406e-05  1.33347782e-03  1.33392651e-03  1.65959179e-04  2.21836727e-05 -2.32934131e-07  1.11338735e-03  1.11217575e-03  1.11122274e-03
 3.20000000e+00  1.00000000e+01  1.00000000e+00 -8.50854060e-02 -4.89922894e-02  3.32994160e-04 -2.44595505e-04  1.29080199e-04 -6.72159030e-04 -9.78790987e-05  3.13148051e-04  6.93314536e-04 -2.41700891e-04 -6.64597443e-05
 3.30000000e+00  1.00000000e+01  0.00000000e+00  1.10810315e-01  1.03303607e-01 -1.87696500e-05  1.33344376e-03  1.33380299e-03  1.41838368e-04  1.80709913e-05 -1.79836397e-07  1.11291690e-03  1.11193070e-03  1.11119181e-03
 3.30000000e+00  1.00000000e+01  1.00000000e+00 -8.22646268e-02 -4.70568723e-02  3.12192545e-04 -2.23020759e-04  1.17146657e-04 -6.33252468e-04 -8.54987713e-05  2.84431450e-04  6.46755301e-04 -2.35242328e-04 -5.69805737e-05
 3.40000000e+00  1.00000000e+01  0.00000000e+00  1.09852760e-01  1.02985502e-01 -1.66643398e-05  1.33341899e-03  1.33371070e-03  1.22460994e-04  1.48761124e-05 -1.40782549e-07  1.11256513e-03  1.11175118e-03  1.11117042e-03
 3.40000000e+00  1.00000000e+01  1.00000000e+00 -7.96712581e-02 -4.52863829e-02  2.93358442e-04 -2.03911704e-04  1.06678183e-04 -5.98693168e-04 -7.51068797e-05  2.59264944e-04  6.04039391e-04 -2.27435043e-04 -4.90787654e-05
 3.50000000e+00  1.00000000e+01  0.00000000e+00  1.09028883e-01  1.02713642e-01 -1.48838040e-05  1.33340066e-03  1.33364048e-03  1.06665127e-04  1.23595838e-05 -1.11549489e-07  1.11229695e-03  1.11161719e-03  1.11115530e-03
 3.50000000e+00  1.00000000e+01  1.00000000e+00 -7.72705469e-02 -4.36584647e-02  2.76235865e-04 -1.86925567e-04  9.74486499e-05 -5.67588939e-04 -6.63092933e-05  2.37080151e-04  5.64731274e-04 -2.18815767e-04 -4.24563001e-05
 3.60000000e+00  1.00000000e+01  0.00000000e+00  1.08313439e-01  1.02479228e-01 -1.33638217e-05  1.33338687e-03  1.33358622e-03  9.36320569e-05  1.03547697e-05 -8.93641943e-08  1.11208951e-03  1.11151582e-03  1.11114448e-03
 3.60000000e+00  1.00000000e+01  1.00000000e+00 -7.50358187e-02 -4.21549824e-02  2.60612545e-04 -1.71775327e-04  8.92743612e-05 -5.39316552e-04 -5.88069717e-05  2.17424942e-04  5.28492419e-04 -2.09765474e-04 -3.68778577e-05
 3.70000000e+00  1.00000000e+01  0.00000000e+00  1.07687044e-01  1.02275484e-01 -1.20559192e-05  1.33337635e-03  1.33354368e-03  8.27577796e-05  8.74019180e-06 -7.22947707e-08  1.11192664e-03  1.11143800e-03  1.11113660e-03
 3.70000000e+00  1.00000000e+01  1.00000000e+00 -7.29459971e-02 -4.07609871e-02  2.46310738e-04 -1.58219367e-04  8.20047949e-05 -5.13415737e-04 -5.23674761e-05  1.99932741e-04  4.95038056e-04 -2.00553924e-04 -3.21563342e-05
 3.80000000e+00  1.00000000e+01  0.00000000e+00  1.07134642e-01  1.02097132e-01 -1.09224841e-05  1.33336823e-03  1.33350992e-03  7.35954571e-05  7.42736424e-06 -5.90028388e-08  1.11179709e-03  1.11137752e-03  1.11113078e-03
 3.80000000e+00  1.00000000e+01  1.00000000e+00 -7.09841434e-02 -3.94640093e-02  2.33179890e-04 -1.46053291e-04  7.55153314e-05 -4.89541975e-04 -4.68082483e-05  1.84303083e-04  4.64123248e-04 -1.91370689e-04 -2.81419985e-05
 3.90000000e+00  1.00000000e+01  0.00000000e+00  1.06644382e-01  1.01940007e-01 -9.93385827e-06  1.33336189e-03  1.33348282e-03  6.58099835e-05  6.35109228e-06 -4.85486686e-08  1.11169298e-03  1.11133006e-03  1.11112644e-03
 3.90000000e+00  1.00000000e+01  1.00000000e+00 -6.91364043e-02 -3.82535351e-02  2.21091392e-04 -1.35103383e-04  6.97019728e-05 -4.67430780e-04 -4.19841453e-05  1.70287037e-04  4.35532068e-04 -1.82347250e-04 -2.47142946e-05
 4.00000000e+00  1.00000000e+01  0.00000000e+00  1.06206753e-01  1.01800773e-01 -9.06663313e-06  1.33335688e-03  1.33346084e-03  5.91416161e-05  5.46163962e-06 -4.02424048e-08  1.11160839e-03  1.11129240e-03  1.11112316e-03
 4.00000000e+00  1.00000000e+01  1.00000000e+00 -6.73912298e-02 -3.71206092e-02  2.09934696e-04 -1.25221362e-04  6.44773931e-05 -4.46870682e-04 -3.77780777e-05  1.57676200e-04  4.09069391e-04 -1.73572890e-04 -2.17755957e-05
 4.10000000e+00  1.00000000e+01  0.00000000e+00  1.05814078e-01  1.01676740e-01 -8.30192813e-06  1.33335289e-03  1.33344285e-03  5.33896567e-05  4.72133006e-06 -3.35841221e-08  1.11153902e-03  1.11126227e-03  1.11112066e-03
 4.10000000e+00  1.00000000e+01  1.00000000e+00 -6.57388850e-02 -3.60575451e-02  1.99614092e-04 -1.16280132e-04  5.97677489e-05 -4.27691186e-04 -3.40950001e-05  1.46294946e-04  3.84558818e-04 -1.65106156e-04 -1.92464113e-05
 4.20000000e+00  1.00000000e+01  0.00000000e+00  1.05460083e-01  1.01565712e-01 -7.62441518e-06  1.33334969e-03  1.33342799e-03  4.83962752e-05  4.10111307e-06 -2.82033147e-08  1.11148165e-03  1.11123794e-03  1.11111874e-03
 4.20000000e+00  1.00000000e+01  1.00000000e+00 -6.41710565e-02 -3.50576949e-02  1.90046275e-04 -1.08170332e-04  5.55102581e-05 -4.09751385e-04 -3.08570227e-05  1.35994199e-04  3.61839677e-04 -1.56983241e-04 -1.70616827e-05
 4.30000000e+00  1.00000000e+01  0.00000000e+00  1.05139588e-01  1.01465881e-01 -7.02154648e-06  1.33334709e-03  1.33341562e-03  4.40358295e-05  3.57832294e-06 -2.38215362e-08  1.11143381e-03  1.11121815e-03  1.11111725e-03
 4.30000000e+00  1.00000000e+01  1.00000000e+00 -6.26805674e-02 -3.41152710e-02  1.81158382e-04 -1.00797512e-04  5.16512679e-05 -3.92932673e-04 -2.79998220e-05  1.26646657e-04  3.40765216e-04 -1.49224126e-04 -1.51679003e-05
 4.40000000e+00  1.00000000e+01  0.00000000e+00  1.04848293e-01  1.01375752e-01 -6.48292440e-06  1.33334497e-03  1.33340526e-03  4.02080087e-05  3.13526934e-06 -2.02297954e-08  1.11139366e-03  1.11120195e-03  1.11111608e-03
 4.40000000e+00  1.00000000e+01  1.00000000e+00 -6.12611694e-02 -3.32252063e-02  1.72886382e-04 -9.40798148e-05  4.81447011e-05 -3.77134142e-04 -2.54699727e-05  1.18143053e-04  3.21201459e-04 -1.41837097e-04 -1.35208476e-05
 4.50000000e+00  1.00000000e+01  0.00000000e+00  1.04582581e-01  1.01294073e-01 -5.99993160e-06  1.33334323e-03  1.33339651e-03  3.68309319e-05  2.75778989e-06 -1.72659155e-08  1.11135972e-03  1.11118860e-03  1.11111516e-03
 4.50000000e+00  1.00000000e+01  1.00000000e+00 -5.99073680e-02 -3.23830387e-02  1.65173797e-04 -8.79460566e-05  4.49508250e-05 -3.62268125e-04 -2.32227438e-05  1.10389096e-04  3.03025711e-04 -1.34822090e-04 -1.20838237e-05
 2.00001000e+00  1.00000000e+02  0.00000000e+00  1.94372648e+01  4.91947962e-02 -7.34061213e-07  1.59421238e-06  4.38818744e-06  1.93579444e-03  2.71202640e-06 -9.33255889e-07  1.28909448e-03  6.48512591e-06  1.58997950e-06
 2.00001000e+00  1.00000000e+02  1.00000000e+00 -1.94372724e+01 -4.89485123e-02  7.44641262e-07 -1.55180647e-06  7.15720004e-05 -1.93579289e-03 -2.71942992e-06  2.75566863e-04  1.29055380e-01  2.68771350e-04 -1.46151487e-06
 2.00002000e+00  1.00000000e+02  0.00000000e+00  9.72992626e+00  4.55965884e-02 -6.40998870e-07  1.59087025e-06  4.02570492e-06  9.65723564e-04  2.40135171e-06 -8.44368835e-07  6.42813899e-04  5.77941119e-06  1.58670290e-06
 2.00002000e+00  1.00000000e+02  1.00000000e+00 -9.72993386e+00 -4.53503045e-02  6.51578918e-07 -1.54846435e-06  6.25358814e-05 -9.65722008e-04 -2.40875523e-06  2.44102146e-04  6.43835525e-02  2.38101402e-04 -1.45823828e-06
 2.00005000e+00  1.00000000e+02  0.00000000e+00  3.90448959e+00  4.08516853e-02 -5.19637378e-07  1.58166963e-06  3.55158878e-06  3.84051936e-04  1.99474084e-06 -7.26722821e-07  2.55590362e-04  4.86099137e-06  1.57768267e-06
 2.00005000e+00  1.00000000e+02  1.00000000e+00 -3.90449719e+00 -4.06054014e-02  5.30217427e-07 -1.53926373e-06  5.07544006e-05 -3.84050380e-04 -2.00214436e-06  2.02923170e-04  2.56048794e-02  1.97958953e-04 -1.44921804e-06
 2.00010000e+00  1.00000000e+02  0.00000000e+00  1.96188103e+00  3.72796151e-02 -4.30293850e-07  1.56761486e-06  3.20043965e-06  1.90444268e-04  1.69320222e-06 -6.37513843e-07  1.26917667e-04  4.18772051e-06  1.56390345e-06
 2.00010000e+00  1.00000000e+02  1.00000000e+00 -1.96188863e+00 -3.70333312e-02  4.40873899e-07 -1.52520895e-06  4.20847768e-05 -1.90442711e-04 -1.70060575e-06  1.72388288e-04  1.26972916e-02  1.68187256e-04 -1.43543882e-06
 2.00020000e+00  1.00000000e+02  0.00000000e+00  9.89872320e-01  3.37362553e-02 -3.45035203e-07  1.54179292e-06  2.86173954e-06  9.38858282e-05  1.40169900e-06 -5.47951252e-07  6.29068326e-05  3.55008714e-06  1.53858778e-06
 2.00020000e+00  1.00000000e+02  1.00000000e+00 -9.89879922e-01 -3.34899714e-02  3.55615252e-07 -1.49938702e-06  3.38177245e-05 -9.38842716e-05 -1.40910252e-06  1.42874772e-04  6.25968099e-03  1.39402231e-04 -1.41012315e-06
 2.00050000e+00  1.00000000e+02  0.00000000e+00  4.05671904e-01  2.91377638e-02 -2.44504936e-07  1.47258459e-06  2.45110831e-06  3.62829749e-05  1.04626451e-06 -4.28501957e-07  2.48706082e-05  2.81340401e-06  1.47073633e-06
 2.00050000e+00  1.00000000e+02  1.00000000e+00 -4.05679506e-01 -2.88914799e-02  2.55084985e-07 -1.43017868e-06  2.40891941e-05 -3.62814183e-05 -1.05366804e-06  1.06904340e-04  2.41907192e-03  1.04291404e-04 -1.34227171e-06
 2.00100000e+00  1.00000000e+02  0.00000000e+00  2.10198556e-01  2.57816143e-02 -1.85882304e-07  1.37003330e-06  2.19358368e-06  1.73079356e-05  8.20198399e-07 -3.36633586e-07  1.23367049e-05  2.40814975e-06  1.37019566e-06
 2.00100000e+00  1.00000000e+02  1.00000000e+00 -2.10206157e-01 -2.55353304e-02  1.96462352e-07 -1.32762739e-06  1.84471635e-05 -1.73063791e-05 -8.27601924e-07  8.40507719e-05  1.15387439e-03  8.19401039e-05 -1.24173103e-06
 2.00200000e+00  1.00000000e+02  0.00000000e+00  1.11849893e-01  2.26198627e-02 -1.54918294e-07  1.18780687e-06  2.02035102e-06  7.97253653e-06  6.62081654e-07 -2.42370912e-07  5.97447310e-06  2.24419607e-06  1.19154194e-06
 2.00200000e+00  1.00000000e+02  1.00000000e+00 -1.11857494e-01 -2.23735787e-02  1.65498343e-07 -1.14540096e-06  1.55309344e-05 -7.97097999e-06 -6.69485178e-07  6.81128403e-05  5.31513082e-04  6.62695311e-05 -1.06307732e-06
 2.00500000e+00  1.00000000e+02  0.00000000e+00  5.20936422e-02  1.89848704e-02 -1.91473291e-07  7.23702224e-07  2.02749859e-06  2.45313854e-06  6.43426666e-07 -1.11054658e-07  1.39790123e-06  2.70347826e-06  7.36536499e-07
 2.00500000e+00  1.00000000e+02  1.00000000e+00 -5.21012439e-02 -1.87385865e-02  2.02053340e-07 -6.81296320e-07  1.93123752e-05 -2.45158200e-06 -6.50830191e-07  6.64185859e-05  1.64093619e-04  6.42705952e-05 -6.08071874e-07
 2.01000000e+00  1.00000000e+02  0.00000000e+00  3.17740757e-02  1.69535683e-02 -3.21347979e-07  7.81538737e-08  2.34443531e-06  4.97142310e-07  8.80444844e-07 -2.86878081e-09 -1.52616540e-06  3.94272066e-06  1.03644718e-07
 2.01000000e+00  1.00000000e+02  1.00000000e+00 -3.17816774e-02 -1.67072844e-02  3.31928028e-07 -3.57479694e-08  3.22470560e-05 -4.95585778e-07 -8.87848369e-07  9.06960321e-05  3.48179670e-05  8.74493725e-05  2.48199063e-08
 2.02000000e+00  1.00000000e+02  0.00000000e+00  2.15039395e-02  1.59391759e-02 -5.95907087e-07 -9.84181382e-07  3.10230991e-06 -8.34881606e-07  1.47291148e-06  1.17841885e-07 -5.36689504e-06  6.44422528e-06 -9.37862476e-07
 2.02000000e+00  1.00000000e+02  1.00000000e+00 -2.15115412e-02 -1.56928919e-02  6.06487136e-07  1.02658729e-06  5.94406170e-05  8.36438139e-07 -1.48031500e-06  1.51149714e-04 -5.18471028e-05  1.45575559e-04  1.06632710e-06
 2.02500000e+00  1.00000000e+02  0.00000000e+00  1.70700444e-02  1.28675042e-02 -1.43133459e-06  1.34398876e-06  1.36077912e-06  1.62493337e-05  4.90954200e-06 -5.23666484e-09  1.15596938e-06  1.14532222e-06  1.12351278e-06
 2.02500000e+00  1.00000000e+02  1.00000000e+00 -1.70578129e-02 -1.24532481e-02  2.35317195e-06 -1.25679180e-06  1.99026903e-06 -1.63453216e-05 -5.53032867e-06  6.29882687e-06  1.02382787e-05  5.89743154e-06 -1.00477613e-06
 2.05000000e+00  1.00000000e+02  0.00000000e+00  1.38737514e-02  1.16665259e-02 -4.46384618e-07  1.33626685e-06  1.34083625e-06  6.45035635e-06  1.99051086e-06 -1.95874463e-09  1.12478347e-06  1.12153604e-06  1.11476456e-06
 2.05000000e+00  1.00000000e+02  1.00000000e+00 -1.38498726e-02 -1.10838726e-02  1.35973563e-06 -1.20437196e-06  1.01544968e-06 -6.59689030e-06 -2.62159894e-06  3.37265541e-06  3.80709965e-06  2.97482939e-06 -9.37576188e-07
 2.10000000e+00  1.00000000e+02  0.00000000e+00  1.20568820e-02  1.09002066e-02 -1.19129621e-07  1.33395125e-06  1.33493148e-06  2.37364414e-06  7.11273687e-07 -5.70154198e-10  1.11475448e-06  1.11380267e-06  1.11196640e-06
 2.10000000e+00  1.00000000e+02  1.00000000e+00 -1.19989862e-02 -9.99469809e-03  9.98770015e-07 -1.11842885e-06  6.64114829e-07 -2.60925377e-06 -1.31221814e-06  2.03297258e-06  1.32708921e-06  1.54830408e-06 -8.29053753e-07
 2.20000000e+00  1.00000000e+02  0.00000000e+00  1.10432388e-02  1.04495913e-02 -3.54346432e-08  1.33343377e-06  1.33360155e-06  7.67942857e-07  2.17667726e-07 -1.20531668e-10  1.11189107e-06  1.11166404e-06  1.11126361e-06
 2.20000000e+00  1.00000000e+02  1.00000000e+00 -1.08831693e-02 -8.95961556e-03  8.40587597e-07 -9.72364985e-07  5.14687565e-07 -1.14146919e-06 -7.33827063e-07  1.39227219e-06  6.45127522e-07  7.43340049e-07 -6.56584051e-07
 2.30000000e+00  1.00000000e+02  0.00000000e+00  1.06838981e-02  1.02873998e-02 -2.01114084e-08  1.33336427e-06  1.33341869e-06  3.67139726e-07  9.90169279e-08 -4.08719185e-11  1.11138204e-06  1.11129821e-06  1.11115772e-06
 2.30000000e+00  1.00000000e+02  1.00000000e+00 -1.03881900e-02 -8.28430336e-03  7.57453665e-07 -8.50924797e-07  4.40308934e-07 -8.36511408e-07 -5.37687702e-07  1.13719327e-06  6.43384617e-07  3.84324516e-07 -5.25681975e-07
 2.40000000e+00  1.00000000e+02  0.00000000e+00  1.05023865e-02  1.02053637e-02 -1.37378787e-08  1.33334619e-06  1.33337000e-06  2.13291144e-07  5.45788456e-08 -1.80255080e-11  1.11123356e-06  1.11119359e-06  1.11112988e-06
 2.40000000e+00  1.00000000e+02  1.00000000e+00 -1.00482658e-02 -7.74843627e-03  6.91197774e-07 -7.48919380e-07  3.83788199e-07 -7.47370937e-07 -4.27677924e-07  9.73359816e-07  7.14261146e-07  1.64653666e-07 -4.24908248e-07
 2.50000000e+00  1.00000000e+02  0.00000000e+00  1.03929750e-02  1.01563559e-02 -1.02709082e-08  1.33333968e-06  1.33335202e-06  1.37922799e-07  3.34368499e-08 -9.18109937e-12  1.11117465e-06  1.11115289e-06  1.11111985e-06
 2.50000000e+00  1.00000000e+02  1.00000000e+00 -9.76552557e-03 -7.29540983e-03  6.34770510e-07 -6.62592695e-07  3.37729580e-07 -7.13999601e-07 -3.52060260e-07  8.49243730e-07  7.72033370e-07  1.85683554e-08 -3.46455454e-07
 2.60000000e+00  1.00000000e+02  0.00000000e+00  1.03204406e-02  1.01242233e-02 -8.02414477e-09  1.33333684e-06  1.33334401e-06  9.64480792e-08  2.21293024e-08 -5.23722106e-12  1.11114823e-06  1.11113490e-06  1.11111571e-06
 2.60000000e+00  1.00000000e+02  1.00000000e+00 -9.51042404e-03 -6.90136312e-03  5.85528631e-07 -5.89041240e-07  2.99169721e-07 -6.97824998e-07 -2.95493640e-07  7.49150478e-07  8.06589009e-07 -8.06911437e-08 -2.84760066e-07
 2.70000000e+00  1.00000000e+02  0.00000000e+00  1.02687312e-02  1.01016712e-02 -6.48824699e-09  1.33333543e-06  1.33333994e-06  7.08440249e-08  1.53762839e-08 -3.19518263e-12  1.11113424e-06  1.11112555e-06  1.11111369e-06
 2.70000000e+00  1.00000000e+02  1.00000000e+00 -9.27110866e-03 -6.55283250e-03  5.42095469e-07 -5.25985769e-07  2.66479924e-07 -6.85342529e-07 -2.51091249e-07  6.65759770e-07  8.19890549e-07 -1.48198059e-07 -2.35790452e-07
 2.80000000e+00  1.00000000e+02  0.00000000e+00  1.02302047e-02  1.00851312e-02 -5.36262950e-09  1.33333467e-06  1.33333767e-06  5.41701815e-08  1.11240230e-08 -2.06809769e-12  1.11112645e-06  1.11112043e-06  1.11111266e-06
 2.80000000e+00  1.00000000e+02  1.00000000e+00 -9.04296759e-03 -6.24116370e-03  5.03470547e-07 -4.71618620e-07  2.38489771e-07 -6.72854556e-07 -2.15356777e-07  5.95090956e-07  8.17169440e-07 -1.93411807e-07 -1.96586855e-07
 2.90000000e+00  1.00000000e+02  0.00000000e+00  1.02004307e-02  1.00725618e-02 -4.50998784e-09  1.33333422e-06  1.33333632e-06  4.26963000e-08  8.29981894e-09 -1.39983710e-12  1.11112177e-06  1.11111741e-06  1.11111208e-06
 2.90000000e+00  1.00000000e+02  1.00000000e+00 -8.82379172e-03 -5.96014649e-03  4.68921820e-07 -4.24493357e-07  2.14348468e-07 -6.59060125e-07 -1.86082138e-07  5.34488939e-07  8.02920107e-07 -2.22755737e-07 -1.64950797e-07
 3.00000000e+00  1.00000000e+02  0.00000000e+00  1.01767456e-02  1.00627361e-02 -3.84855315e-09  1.33333395e-06  1.33333546e-06  3.44317513e-08  6.33850080e-09 -9.78814808e-13  1.11111876e-06  1.11111550e-06  1.11111174e-06
 3.00000000e+00  1.00000000e+02  1.00000000e+00 -8.61252634e-03 -5.70509404e-03  4.37869497e-07 -3.83443198e-07  1.93397738e-07 -6.43774762e-07 -1.61789489e-07  4.82067134e-07  7.80760434e-07 -2.40711570e-07 -1.39231660e-07
 3.10000000e+00  1.00000000e+02  0.00000000e+00  1.01575005e-02  1.00548881e-02 -3.32204172e-09  1.33333377e-06  1.33333490e-06  2.83084987e-08  4.93854630e-09 -7.04271432e-13  1.11111676e-06  1.11111426e-06  1.11111154e-06
 3.10000000e+00  1.00000000e+02  1.00000000e+00 -8.40866736e-03 -5.47234131e-03  4.09839968e-07 -3.47519887e-07  1.75115039e-07 -6.27267208e-07 -1.41437816e-07  4.36415941e-07  7.53473987e-07 -2.50467519e-07 -1.18177752e-07
 3.20000000e+00  1.00000000e+02  0.00000000e+00  1.01415830e-02  1.00485055e-02 -2.89491750e-09  1.33333365e-06  1.33333452e-06  2.36560606e-08  3.91454463e-09 -5.19462157e-13  1.11111540e-06  1.11111343e-06  1.11111140e-06
 3.20000000e+00  1.00000000e+02  1.00000000e+00 -8.21190909e-03 -5.25893686e-03  3.84443439e-07 -3.15947389e-07  1.59081973e-07 -6.09870658e-07 -1.24251104e-07  3.96433895e-07  7.23092061e-07 -2.54326253e-07 -1.00831041e-07
 3.30000000e+00  1.00000000e+02  0.00000000e+00  1.01282095e-02  1.00432318e-02 -2.54394586e-09  1.33333357e-06  1.33333424e-06  2.00305547e-08  3.14638862e-09 -3.90648521e-13  1.11111443e-06  1.11111285e-06  1.11111132e-06
 3.30000000e+00  1.00000000e+02  1.00000000e+00 -8.02202285e-03 -5.06245908e-03  3.61354499e-07 -2.88086469e-07  1.44959058e-07 -5.91897804e-07 -1.09635747e-07  3.61241471e-07  6.91074270e-07 -2.53965214e-07 -8.64518733e-08
 3.40000000e+00  1.00000000e+02  0.00000000e+00  1.01168362e-02  1.00388183e-02 -2.25135721e-09  1.33333351e-06  1.33333405e-06  1.71595096e-08  2.56116345e-09 -2.99131719e-13  1.11111373e-06  1.11111244e-06  1.11111126e-06
 3.40000000e+00  1.00000000e+02  1.00000000e+00 -7.83882535e-03 -4.88089656e-03  3.40297530e-07 -2.63407363e-07  1.32467223e-07 -5.73640389e-07 -9.71331431e-08  3.30128278e-07  6.58471139e-07 -2.50612868e-07 -7.44645381e-08
 3.50000000e+00  1.00000000e+02  0.00000000e+00  1.01070538e-02  1.00350813e-02 -2.00509488e-09  1.33333347e-06  1.33333390e-06  1.48440035e-08  2.10694950e-09 -2.32422096e-13  1.11111321e-06  1.11111215e-06  1.11111122e-06
 3.50000000e+00  1.00000000e+02  1.00000000e+00 -7.66212752e-03 -4.71255545e-03  3.21038379e-07 -2.41468517e-07  1.21375995e-07 -5.55325823e-07 -8.63794852e-08  3.02510302e-07  6.26012933e-07 -2.45173809e-07 -6.44174973e-08
 3.60000000e+00  1.00000000e+02  0.00000000e+00  1.00985636e-02  1.00318864e-02 -1.79560497e-09  1.33333344e-06  1.33333379e-06  1.29540486e-08  1.75032570e-09 -1.83106012e-13  1.11111281e-06  1.11111193e-06  1.11111119e-06
 3.60000000e+00  1.00000000e+02  1.00000000e+00 -7.49174192e-03 -4.55599838e-03  3.03376065e-07 -2.21899915e-07  1.11493174e-07 -5.37141308e-07 -7.70852229e-08  2.77904638e-07  5.94205764e-07 -2.38315247e-07 -5.59540536e-08
 3.70000000e+00  1.00000000e+02  0.00000000e+00  1.00911321e-02  1.00291304e-02 -1.61602491e-09  1.33333342e-06  1.33333371e-06  1.13906526e-08  1.46644504e-09 -1.45955023e-13  1.11111251e-06  1.11111176e-06  1.11111117e-06
 3.70000000e+00  1.00000000e+02  1.00000000e+00 -7.32746823e-03 -4.40999398e-03  2.87137554e-07 -2.04389913e-07  1.02657784e-07 -5.19225744e-07 -6.90159055e-08  2.55907542e-07  5.63385191e-07 -2.30530091e-07 -4.87905182e-08
 3.80000000e+00  1.00000000e+02  0.00000000e+00  1.00845795e-02  1.00267340e-02 -1.46096301e-09  1.33333340e-06  1.33333365e-06  1.00829784e-08  1.23788197e-09 -1.17541353e-13  1.11111227e-06  1.11111163e-06  1.11111116e-06
 3.80000000e+00  1.00000000e+02  1.00000000e+00 -7.16910033e-03 -4.27348083e-03  2.72172878e-07 -1.88674772e-07  9.47340782e-08 -5.01684082e-07 -6.19808588e-08  2.36179703e-07  5.33766231e-07 -2.22181992e-07 -4.26998218e-08
 3.90000000e+00  1.00000000e+02  0.00000000e+00  1.00787657e-02  1.00246362e-02 -1.32609786e-09  1.33333339e-06  1.33333359e-06  8.97998462e-09  1.05234493e-09 -9.55940510e-14  1.11111208e-06  1.11111154e-06  1.11111115e-06
 3.90000000e+00  1.00000000e+02  1.00000000e+00 -7.01642828e-03 -4.14553839e-03  2.58351466e-07 -1.74530286e-07  8.76069907e-08 -4.84593527e-07 -5.58238456e-08  2.18434223e-07  5.05476771e-07 -2.13538455e-07 -3.74991139e-08
 4.00000000e+00  1.00000000e+02  0.00000000e+00  1.00735767e-02  1.00227877e-02 -1.20814042e-09  1.33333338e-06  1.33333355e-06  8.04095696e-09  9.00247704e-10 -7.84131067e-14  1.11111193e-06  1.11111146e-06  1.11111114e-06
 4.00000000e+00  1.00000000e+02  1.00000000e+00 -6.86923772e-03 -4.02536337e-03  2.45559260e-07 -1.61765030e-07  8.11785809e-08 -4.68006365e-07 -5.04156224e-08  2.02426967e-07  4.78580800e-07 -2.04795250e-07 -3.30403076e-08
 4.10000000e+00  1.00000000e+02  0.00000000e+00  1.00689212e-02  1.00211496e-02 -1.10440735e-09  1.33333337e-06  1.33333352e-06  7.23538690e-09  7.74569997e-10 -6.48241865e-14  1.11111181e-06  1.11111140e-06  1.11111113e-06
 4.10000000e+00  1.00000000e+02  1.00000000e+00 -6.72731471e-03 -3.91225163e-03  2.33696160e-07 -1.50214911e-07  7.53650614e-08 -4.51957338e-07 -4.56489025e-08  1.87949358e-07  4.53098004e-07 -1.96094371e-07 -2.92028173e-08
 4.20000000e+00  1.00000000e+02  0.00000000e+00  1.00647247e-02  1.00196904e-02 -1.01273001e-09  1.33333336e-06  1.33333349e-06  6.53950144e-09  6.69966543e-10 -5.39747788e-14  1.11111171e-06  1.11111135e-06  1.11111113e-06
 4.20000000e+00  1.00000000e+02  1.00000000e+00 -6.59044706e-03 -3.80558301e-03  2.22674022e-07 -1.39738714e-07  7.00944657e-08 -4.36466922e-07 -4.14340614e-08  1.74822349e-07  4.29016771e-07 -1.87537478e-07 -2.58879453e-08
 4.30000000e+00  1.00000000e+02  0.00000000e+00  1.00609255e-02  1.00183841e-02 -9.31345870e-10  1.33333336e-06  1.33333347e-06  5.93445072e-09  5.82295528e-10 -4.52328515e-14  1.11111163e-06  1.11111131e-06  1.11111112e-06
 4.30000000e+00  1.00000000e+02  1.00000000e+00 -6.45842589e-03 -3.70480895e-03  2.12414967e-07 -1.30214469e-07  6.53047377e-08 -4.21544519e-07 -3.76958417e-08  1.62891598e-07  4.06303998e-07 -1.79195946e-07 -2.30145112e-08
 4.40000000e+00  1.00000000e+02  0.00000000e+00  1.00574727e-02  1.00172098e-02 -8.58782262e-10  1.33333336e-06  1.33333345e-06  5.40557726e-09  5.08418489e-10 -3.81428242e-14  1.11111156e-06  1.11111128e-06  1.11111112e-06
 4.40000000e+00  1.00000000e+02  1.00000000e+00 -6.33104739e-03 -3.60944243e-03  2.02849962e-07 -1.21536459e-07  6.09421618e-08 -4.07191374e-07 -3.43707932e-08  1.52023568e-07  3.84912435e-07 -1.71118403e-07 -2.05154312e-08
 4.50000000e+00  1.00000000e+02  0.00000000e+00  1.00543233e-02  1.00161496e-02 -7.93842397e-10  1.33333335e-06  1.33333344e-06  4.94070270e-09  4.45780741e-10 -3.23450696e-14  1.11111151e-06  1.11111125e-06  1.11111112e-06
 4.50000000e+00  1.00000000e+02  1.00000000e+00 -6.20811311e-03 -3.51904933e-03  1.93917646e-07 -1.13612749e-07  5.69600883e-08 -3.93402110e-07 -3.14051237e-08  1.42102271e-07  3.64785669e-07 -1.63336441e-07 -1.83350231e-08
