 2.00001000e+00
 2.00002000e+00
 2.00005000e+00
 2.00010000e+00
 2.00020000e+00
 2.00050000e+00
 2.00100000e+00
 2.00200000e+00
 2.00500000e+00
 2.01000000e+00
 2.02000000e+00
 2.02500000e+00
 2.05000000e+00
 2.10000000e+00
 2.20000000e+00
 2.30000000e+00
 2.40000000e+00
 2.50000000e+00
 2.60000000e+00
 2.70000000e+00
 2.80000000e+00
 2.90000000e+00
 3.00000000e+00
 3.10000000e+00
 3.20000000e+00
 3.30000000e+00
 3.40000000e+00
 3.50000000e+00
 3.60000000e+00
 3.70000000e+00
 3.80000000e+00
 3.90000000e+00
 4.00000000e+00
 4.10000000e+00
 4.20000000e+00
 4.30000000e+00
 4.40000000e+00
 4.50000000e+00
