Nondimensionalised resistance scalars, combined, generated 05/09/2023 22:40:41. Time to generate 0s
             s'          lambda           gamma              XA              YA              YB              XC              YC              XG              YG              YH              XM              YM              ZM 
 2.00001000e+00  1.00000000e-02  0.00000000e+00  2.04372552e+01  1.04870376e+00 -7.33347949e-02  1.00000113e+00  1.03678416e+00  2.91571994e+01  3.60783314e-02  1.80942922e-02  1.26634009e+01  1.02133834e+00  1.00000133e+00
 2.00001000e+00  1.00000000e-02  1.00000000e+00 -1.94372724e+01 -4.89485123e-02  7.36930546e-02 -1.16385485e-06  5.36790003e-05 -2.91572046e+01 -3.62521374e-02  2.96468871e-05  1.16149842e-01  2.46279717e-04 -1.31536339e-06
 2.00002000e+00  1.00000000e-02  0.00000000e+00  1.07299167e+01  1.04510555e+00 -6.78978685e-02  1.00000113e+00  1.03404549e+00  1.45960923e+01  3.33994897e-02  1.67451673e-02  6.83891834e+00  1.01974268e+00  1.00000132e+00
 2.00002000e+00  1.00000000e-02  1.00000000e+00 -9.72993386e+00 -4.53503045e-02  6.82561283e-02 -1.16134826e-06  4.69019110e-05 -1.45960975e+01 -3.35732958e-02  2.60557462e-05  5.79451973e-02  2.18676849e-04 -1.31241445e-06
 2.00005000e+00  1.00000000e-02  0.00000000e+00  4.90447999e+00  1.04036065e+00 -6.07286432e-02  1.00000112e+00  1.03043442e+00  5.85780688e+00  2.98667666e-02  1.49660989e-02  3.34355203e+00  1.01763831e+00  1.00000132e+00
 2.00005000e+00  1.00000000e-02  1.00000000e+00 -3.90449719e+00 -4.06054014e-02  6.10869030e-02 -1.15444780e-06  3.80658004e-05 -5.85781210e+00 -3.00405727e-02  2.13716628e-05  2.30443914e-02  1.82548879e-04 -1.30429624e-06
 2.00010000e+00  1.00000000e-02  0.00000000e+00  2.96187144e+00  1.03678858e+00 -5.53320368e-02  1.00000111e+00  1.02771648e+00  2.94379674e+00  2.72069934e-02  1.36267796e-02  2.17790905e+00  1.01605378e+00  1.00000130e+00
 2.00010000e+00  1.00000000e-02  1.00000000e+00 -1.96188863e+00 -3.70333312e-02  5.56902965e-02 -1.14390672e-06  3.15635826e-05 -2.94380196e+00 -2.73807995e-02  1.79219663e-05  1.14275624e-02  1.55754710e-04 -1.29189494e-06
 2.00020000e+00  1.00000000e-02  0.00000000e+00  1.98986273e+00  1.03324522e+00 -4.99797191e-02  1.00000109e+00  1.02502132e+00  1.48568854e+00  2.45681657e-02  1.22982312e-02  1.59462770e+00  1.01448147e+00  1.00000128e+00
 2.00020000e+00  1.00000000e-02  1.00000000e+00 -9.89879922e-01 -3.34899714e-02  5.03379788e-02 -1.12454026e-06  2.53632934e-05 -1.48569376e+00 -2.47419717e-02  1.46276372e-05  5.63371289e-03  1.29848844e-04 -1.26911084e-06
 2.00050000e+00  1.00000000e-02  0.00000000e+00  1.40566231e+00  1.02864672e+00 -4.30363487e-02  1.00000104e+00  1.02152637e+00  6.09268640e-01  2.11422559e-02  1.05740894e-02  1.24401199e+00  1.01243944e+00  1.00000122e+00
 2.00050000e+00  1.00000000e-02  1.00000000e+00 -4.05679506e-01 -2.88914799e-02  4.33946085e-02 -1.07263401e-06  1.80668956e-05 -6.09273857e-01 -2.13160619e-02  1.07358646e-05  2.17716473e-03  9.82508599e-05 -1.20804454e-06
 2.00100000e+00  1.00000000e-02  0.00000000e+00  1.21018896e+00  1.02529057e+00 -3.79728222e-02  1.00000097e+00  1.01897969e+00  3.15977662e-01  1.86400058e-02  9.31577336e-03  1.12666316e+00  1.01094684e+00  1.00000113e+00
 2.00100000e+00  1.00000000e-02  1.00000000e+00 -2.10206157e-01 -2.55353304e-02  3.83310819e-02 -9.95720546e-07  1.38353726e-05 -3.15982880e-01 -1.88138119e-02  8.45463010e-06  1.03848695e-03  7.81372978e-05 -1.11755793e-06
 2.00200000e+00  1.00000000e-02  0.00000000e+00  1.11184030e+00  1.02212882e+00 -3.32091740e-02  1.00000083e+00  1.01658720e+00  1.68388436e-01  1.62795770e-02  8.13038611e-03  1.06760087e+00  1.00953701e+00  1.00000097e+00
 2.00200000e+00  1.00000000e-02  1.00000000e+00 -1.11857494e-01 -2.23735787e-02  3.35674338e-02 -8.59050721e-07  1.16482008e-05 -1.68393654e-01 -1.64533830e-02  7.22538491e-06  4.78361774e-04  6.40384171e-05 -9.56769585e-07
 2.00500000e+00  1.00000000e-02  0.00000000e+00  1.05208405e+00  1.01849383e+00 -2.77520999e-02  1.00000048e+00  1.01385646e+00  7.87077537e-02  1.35565798e-02  6.76770354e-03  1.03170981e+00  1.00790520e+00  1.00000056e+00
 2.00500000e+00  1.00000000e-02  1.00000000e+00 -5.21012439e-02 -1.87385865e-02  2.81103597e-02 -5.10972240e-07  1.44842814e-05 -7.87129711e-02 -1.37303859e-02  8.54761836e-06  1.47684257e-04  6.22511792e-05 -5.47264687e-07
 2.01000000e+00  1.00000000e-02  0.00000000e+00  1.03176448e+00  1.01646253e+00 -2.47322860e-02  9.99999996e-01  1.01236058e+00  4.82477881e-02  1.20208607e-02  6.00640729e-03  1.01953322e+00  1.00697668e+00  9.99999989e-01
 2.01000000e+00  1.00000000e-02  1.00000000e+00 -3.17816774e-02 -1.67072844e-02  2.50905457e-02 -2.68109771e-08  2.41852920e-05 -4.82530055e-02 -1.21946667e-02  1.34358355e-05  3.13361703e-05  8.31284981e-05  2.23379157e-08
 2.02000000e+00  1.00000000e-02  0.00000000e+00  1.02149435e+00  1.01544814e+00 -2.32811593e-02  9.99999199e-01  1.01167126e+00  3.29389852e-02  1.12270193e-02  5.62660729e-03  1.01344765e+00  1.00648112e+00  9.99999052e-01
 2.02000000e+00  1.00000000e-02  1.00000000e+00 -2.15115412e-02 -1.56928919e-02  2.36394191e-02  7.69940465e-07  4.45804628e-05 -3.29442026e-02 -1.14008254e-02  2.38270909e-05 -4.66623925e-05  1.35469086e-04  9.59694391e-07
 2.02500000e+00  1.00000000e-02  0.00000000e+00  1.01801911e+00  1.01218488e+00 -1.80838763e-02  1.00000088e+00  1.00894722e+00  2.75310222e-02  8.64953078e-03  4.27915209e-03  1.01121769e+00  1.00491399e+00  1.00000081e+00
 2.02500000e+00  1.00000000e-02  1.00000000e+00 -1.80316708e-02 -1.25872199e-02  1.86795988e-02 -9.43979890e-07  1.19846982e-06 -2.75503327e-02 -8.93317541e-03  1.54236042e-06  1.34696937e-05  6.22647905e-06 -9.08344790e-07
 2.05000000e+00  1.00000000e-02  0.00000000e+00  1.01416893e+00  1.01058936e+00 -1.56099367e-02  1.00000081e+00  1.00767119e+00  2.18474920e-02  7.28472429e-03  3.57961977e-03  1.00898369e+00  1.00401093e+00  1.00000071e+00
 2.05000000e+00  1.00000000e-02  1.00000000e+00 -1.41931705e-02 -1.11439219e-02  1.64261283e-02 -9.03572683e-07  6.55755770e-07 -2.18850144e-02 -7.66443984e-03  1.22862412e-06  4.71606781e-06  2.99098529e-06 -8.44881247e-07
 2.10000000e+00  1.00000000e-02  0.00000000e+00  1.01202881e+00  1.00918252e+00 -1.33604071e-02  1.00000070e+00  1.00648055e+00  1.87959208e-02  5.94150770e-03  2.88163593e-03  1.00783220e+00  1.00307707e+00  1.00000056e+00
 2.10000000e+00  1.00000000e-02  1.00000000e+00 -1.20867530e-02 -1.00128591e-02  1.45673871e-02 -8.38853859e-07  4.75240276e-07 -1.88866188e-02 -6.47726091e-03  1.07420776e-06  1.47014806e-06  1.46160838e-06 -7.46311126e-07
 2.20000000e+00  1.00000000e-02  0.00000000e+00  1.01073764e+00  1.00768553e+00 -1.08944163e-02  1.00000053e+00  1.00514840e+00  1.70084966e-02  4.41443051e-03  2.08579488e-03  1.00718444e+00  1.00202959e+00  1.00000035e+00
 2.20000000e+00  1.00000000e-02  1.00000000e+00 -1.08954631e-02 -8.96241820e-03  1.27035229e-02 -7.29275158e-07  3.83785470e-07 -1.72585799e-02 -5.14673117e-03  9.19485683e-07  6.11708713e-07  6.75914379e-07 -5.90936531e-07
 2.30000000e+00  1.00000000e-02  0.00000000e+00  1.01010413e+00  1.00667266e+00 -9.21383143e-03  1.00000041e+00  1.00424151e+00  1.60369078e-02  3.41585789e-03  1.57213353e-03  1.00678752e+00  1.00139980e+00  1.00000022e+00
 2.30000000e+00  1.00000000e-02  1.00000000e+00 -1.03916034e-02 -8.28509011e-03  1.14396057e-02 -6.38193771e-07  3.29777134e-07 -1.64931451e-02 -4.24043653e-03  8.01742782e-07  5.86257954e-07  3.47288858e-07 -4.73115417e-07
 2.40000000e+00  1.00000000e-02  0.00000000e+00  1.00961488e+00  1.00588379e+00 -7.91385049e-03  1.00000032e+00  1.00354861e+00  1.51744124e-02  2.69451075e-03  1.20792632e-03  1.00638632e+00  1.00098789e+00  1.00000015e+00
 2.40000000e+00  1.00000000e-02  1.00000000e+00 -1.00492288e-02 -7.74865683e-03  1.04215643e-02 -5.61689560e-07  2.87741134e-07 -1.58597645e-02 -3.54786438e-03  7.04476856e-07  6.44605306e-07  1.48488628e-07 -3.82417705e-07
 2.50000000e+00  1.00000000e-02  0.00000000e+00  1.00917662e+00  1.00524093e+00 -6.86672098e-03  1.00000025e+00  1.00299937e+00  1.43266485e-02  2.15468585e-03  9.40886698e-04  1.00596458e+00  1.00070929e+00  1.00000010e+00
 2.50000000e+00  1.00000000e-02  1.00000000e+00 -9.76601074e-03 -7.29551766e-03  9.55820649e-03 -4.96944529e-07  2.53257131e-07 -1.52465835e-02 -2.99884365e-03  6.22690202e-07  6.95590231e-07  1.68243546e-08 -3.11809994e-07
 2.60000000e+00  1.00000000e-02  0.00000000e+00  1.00876435e+00  1.00470486e+00 -6.00558551e-03  1.00000020e+00  1.00255566e+00  1.34870701e-02  1.74230390e-03  7.41187273e-04  1.00553466e+00  1.00051668e+00  1.00000007e+00
 2.60000000e+00  1.00000000e-02  1.00000000e+00 -9.51057827e-03 -6.90139710e-03  8.80902755e-03 -4.41780932e-07  2.24366594e-07 -1.46351178e-02 -2.55528452e-03  5.53238979e-07  7.26151185e-07 -7.25927045e-08 -2.56284078e-07
 2.70000000e+00  1.00000000e-02  0.00000000e+00  1.00837073e+00  1.00425108e+00 -5.28763287e-03  1.00000016e+00  1.00219261e+00  1.26651031e-02  1.42249331e-03  5.89645658e-04  1.00511013e+00  1.00038124e+00  1.00000005e+00
 2.70000000e+00  1.00000000e-02  1.00000000e+00 -9.27121214e-03 -6.55285445e-03  8.15036799e-03 -3.94489327e-07  1.99853970e-07 -1.40272162e-02 -2.19234082e-03  4.93816121e-07  7.38029506e-07 -1.33363208e-07 -2.12211415e-07
 2.80000000e+00  1.00000000e-02  0.00000000e+00  1.00799379e+00  1.00386260e+00 -4.68277140e-03  1.00000013e+00  1.00189262e+00  1.18708774e-02  1.17139940e-03  4.73250251e-04  1.00470102e+00  1.00028458e+00  1.00000003e+00
 2.80000000e+00  1.00000000e-02  1.00000000e+00 -9.04301992e-03 -6.24117457e-03  7.56616570e-03 -3.53713965e-07  1.78864728e-07 -1.34286366e-02 -1.89242400e-03  4.42646215e-07  7.35510970e-07 -1.74064440e-07 -1.76928172e-07
 2.90000000e+00  1.00000000e-02  0.00000000e+00  1.00763319e+00  1.00352697e+00 -4.16878143e-03  1.00000010e+00  1.00164268e+00  1.11119393e-02  9.72149768e-04  3.82903243e-04  1.00431374e+00  1.00021470e+00  1.00000002e+00
 2.90000000e+00  1.00000000e-02  1.00000000e+00 -8.82380764e-03 -5.96014980e-03  7.04455379e-03 -3.18370018e-07  1.60760648e-07 -1.28448059e-02 -1.64254155e-03  3.98330921e-07  7.22645007e-07 -2.00478525e-07 -1.48455718e-07
 3.00000000e+00  1.00000000e-02  0.00000000e+00  1.00728897e+00  1.00323471e+00 -3.72875934e-03  1.00000008e+00  1.00143294e+00  1.03930077e-02  8.12538691e-04  3.12110018e-04  1.00395182e+00  1.00016358e+00  1.00000002e+00
 3.00000000e+00  1.00000000e-02  1.00000000e+00 -8.61253691e-03 -5.70509618e-03  6.57631846e-03 -2.87582398e-07  1.45047894e-07 -1.22798531e-02 -1.43284547e-03  3.59752479e-07  7.02694469e-07 -2.16639528e-07 -1.25308494e-07
 3.10000000e+00  1.00000000e-02  0.00000000e+00  1.00696116e+00  1.00297846e+00 -3.34957972e-03  1.00000007e+00  1.00125580e+00  9.71646486e-03  6.83583286e-04  2.56159270e-04  1.00361673e+00  1.00012577e+00  1.00000001e+00
 3.10000000e+00  1.00000000e-02  1.00000000e+00 -8.40867556e-03 -5.47234291e-03  6.15407719e-03 -2.60639916e-07  1.31336000e-07 -1.17365658e-02 -1.25573703e-03  3.26007676e-07  6.78133568e-07 -2.25420210e-07 -1.06359977e-07
 3.20000000e+00  1.00000000e-02  0.00000000e+00  1.00664961e+00  1.00275243e+00 -3.02089358e-03  1.00000006e+00  1.00110532e+00  9.08295360e-03  5.78578585e-04  2.11587456e-04  1.00330857e+00  1.00009752e+00  1.00000001e+00
 3.20000000e+00  1.00000000e-02  1.00000000e+00 -8.21191221e-03 -5.25893747e-03  5.77178872e-03 -2.36960542e-07  1.19311383e-07 -1.12166090e-02 -1.10527339e-03  2.96360152e-07  6.50785373e-07 -2.28893442e-07 -9.07479368e-08
 3.30000000e+00  1.00000000e-02  0.00000000e+00  1.00635402e+00  1.00255194e+00 -2.73444021e-03  1.00000005e+00  1.00097678e+00  8.49189726e-03  4.92458749e-04  1.75818620e-04  1.00302651e+00  1.00007622e+00  1.00000001e+00
 3.30000000e+00  1.00000000e-02  1.00000000e+00 -8.02202591e-03 -5.06245966e-03  5.42443407e-03 -2.16064851e-07  1.08719209e-07 -1.07207804e-02 -9.76755532e-04  2.70204959e-07  6.21969044e-07 -2.28568544e-07 -7.78066860e-08
 3.40000000e+00  1.00000000e-02  0.00000000e+00  1.00607394e+00  1.00237321e+00 -2.48355747e-03  1.00000004e+00  1.00086645e+00  7.94190645e-03  4.21354960e-04  1.46916968e-04  1.00276924e+00  1.00006002e+00  1.00000000e+00
 3.40000000e+00  1.00000000e-02  1.00000000e+00 -7.83882668e-03 -4.88089681e-03  5.10779557e-03 -1.97555522e-07  9.93503839e-08 -1.02492380e-02 -8.66433147e-04  2.47041702e-07  5.92624935e-07 -2.25551524e-07 -6.70180843e-08
 3.50000000e+00  1.00000000e-02  0.00000000e+00  1.00580881e+00  1.00221314e+00 -2.26282410e-03  1.00000003e+00  1.00077129e+00  7.43108139e-03  3.62283741e-04  1.23413993e-04  1.00253512e+00  1.00004760e+00  1.00000000e+00
 3.50000000e+00  1.00000000e-02  1.00000000e+00 -7.66212914e-03 -4.71255574e-03  4.81829646e-03 -1.81101388e-07  9.10319599e-08 -9.80168228e-03 -7.71288514e-04  2.26453895e-07  5.63412620e-07 -2.20656372e-07 -5.79757476e-08
 3.60000000e+00  1.00000000e-02  0.00000000e+00  1.00555801e+00  1.00206919e+00 -2.06779345e-03  1.00000003e+00  1.00068887e+00  6.95723039e-03  3.12923844e-04  1.04185956e-04  1.00232239e+00  1.00003799e+00  1.00000000e+00
 3.60000000e+00  1.00000000e-02  1.00000000e+00 -7.49174270e-03 -4.55599852e-03  4.55288068e-03 -1.66424936e-07  8.36198645e-08 -9.37749847e-03 -6.88875506e-04  2.08092903e-07  5.34785635e-07 -2.14483699e-07 -5.03586483e-08
 3.70000000e+00  1.00000000e-02  0.00000000e+00  1.00532085e+00  1.00193923e+00 -1.89479198e-03  1.00000002e+00  1.00061719e+00  6.51802318e-03  2.71454413e-04  8.83659876e-05  1.00212928e+00  1.00003052e+00  1.00000000e+00
 3.70000000e+00  1.00000000e-02  1.00000000e+00 -7.32746861e-03 -4.40999404e-03  4.30892028e-03 -1.53292435e-07  7.69933310e-08 -8.97586189e-03 -6.17198014e-04  1.91665332e-07  5.07046880e-07 -2.07477072e-07 -4.39114664e-08
 3.80000000e+00  1.00000000e-02  0.00000000e+00  1.00509664e+00  1.00182146e+00 -1.74076495e-03  1.00000002e+00  1.00055461e+00  6.11109680e-03  2.36436221e-04  7.52803250e-05  1.00195405e+00  1.00002466e+00  1.00000000e+00
 3.80000000e+00  1.00000000e-02  1.00000000e+00 -7.16910093e-03 -4.27348093e-03  4.08414277e-03 -1.41506079e-07  7.10505481e-08 -8.59581687e-03 -5.54617104e-04  1.76923053e-07  4.80389899e-07 -1.99963780e-07 -3.84298396e-08
 3.90000000e+00  1.00000000e-02  0.00000000e+00  1.00488469e+00  1.00171438e+00 -1.60315685e-03  1.00000002e+00  1.00049976e+00  5.73412632e-03  2.06723597e-04  6.44015859e-05  1.00179506e+00  1.00002003e+00  1.00000000e+00
 3.90000000e+00  1.00000000e-02  1.00000000e+00 -7.01642860e-03 -4.14553844e-03  3.87657328e-03 -1.30897714e-07  6.57052378e-08 -8.23633401e-03 -4.99779390e-04  1.63655237e-07  4.54929242e-07 -1.92184603e-07 -3.37492025e-08
 4.00000000e+00  1.00000000e-02  0.00000000e+00  1.00468431e+00  1.00161672e+00 -1.47981781e-03  1.00000001e+00  1.00045155e+00  5.38487062e-03  1.81398474e-04  5.53142180e-05  1.00165077e+00  1.00001636e+00  1.00000000e+00
 4.00000000e+00  1.00000000e-02  1.00000000e+00 -6.86923789e-03 -4.02536340e-03  3.68448783e-03 -1.21323773e-07  6.08839331e-08 -7.89635134e-03 -4.51561307e-04  1.51681962e-07  4.30722795e-07 -1.84315722e-07 -2.97362768e-08
 4.10000000e+00  1.00000000e-02  0.00000000e+00  1.00449482e+00  1.00152739e+00 -1.36892980e-03  1.00000001e+00  1.00040901e+00  5.06120036e-03  1.59720574e-04  4.76887285e-05  1.00151976e+00  1.00001343e+00  1.00000000e+00
 4.10000000e+00  1.00000000e-02  1.00000000e+00 -6.72731481e-03 -3.91225164e-03  3.50637530e-03 -1.12661183e-07  5.65237947e-08 -7.57480373e-03 -4.09025401e-04  1.40849042e-07  4.07788243e-07 -1.76484932e-07 -2.62825356e-08
 4.20000000e+00  1.00000000e-02  0.00000000e+00  1.00431558e+00  1.00144544e+00 -1.26894793e-03  1.00000001e+00  1.00037137e+00  4.76111341e-03  1.41089462e-04  4.12623086e-05  1.00140074e+00  1.00001108e+00  1.00000000e+00
 4.20000000e+00  1.00000000e-02  1.00000000e+00 -6.59044711e-03 -3.80558301e-03  3.34090615e-03 -1.04804035e-07  5.25708486e-08 -7.27064313e-03 -3.71385807e-04  1.31023832e-07  3.86115115e-07 -1.68783730e-07 -2.32991508e-08
 4.30000000e+00  1.00000000e-02  0.00000000e+00  1.00414597e+00  1.00137008e+00 -1.17855336e-03  1.00000001e+00  1.00033796e+00  4.48274171e-03  1.25015419e-04  3.58241569e-05  1.00129253e+00  1.00000918e+00  1.00000000e+00
 4.30000000e+00  1.00000000e-02  1.00000000e+00 -6.45842601e-03 -3.70480897e-03  3.18690647e-03 -9.76608517e-08  4.89785518e-08 -6.98285248e-03 -3.37980796e-04  1.22091790e-07  3.65673640e-07 -1.61276350e-07 -2.07130600e-08
 4.40000000e+00  1.00000000e-02  0.00000000e+00  1.00398541e+00  1.00130060e+00 -1.09661542e-03  1.00000001e+00  1.00030823e+00  4.22435229e-03  1.11096926e-04  3.12042830e-05  1.00119406e+00  1.00000764e+00  1.00000000e+00
 4.40000000e+00  1.00000000e-02  1.00000000e+00 -6.33104746e-03 -3.60944244e-03  3.04333638e-03 -9.11523445e-08  4.57066206e-08 -6.71045463e-03 -3.08250814e-04  1.13953656e-07  3.46421215e-07 -1.54006562e-07 -1.84638881e-08
 4.50000000e+00  1.00000000e-02  0.00000000e+00  1.00383333e+00  1.00123640e+00 -1.02216078e-03  1.00000001e+00  1.00028170e+00  3.98434434e-03  9.90031406e-05  2.72649088e-05  1.00110437e+00  1.00000639e+00  1.00000000e+00
 4.50000000e+00  1.00000000e-02  1.00000000e+00 -6.20811315e-03 -3.51904934e-03  2.90927189e-03 -8.52095615e-08  4.27200658e-08 -6.45251786e-03 -2.81720804e-04  1.06523126e-07  3.28307116e-07 -1.47002797e-07 -1.65015208e-08
 2.00001000e+00  1.00000000e-01  0.00000000e+00  1.50396517e+03  1.47595069e+00 -7.39461692e-01  1.00071467e+00  1.38698995e+00  2.25455408e+03  3.20942899e-01  1.65201772e-01  9.02864655e+02  1.17656505e+00  1.00055770e+00
 2.00001000e+00  1.00000000e-01  1.00000000e+00 -1.50296871e+03 -4.92974755e-01  7.63335149e-01 -9.02861485e-04  7.73232839e-03 -2.25455964e+03 -3.30259693e-01  6.68303123e-03  9.01358151e+01  2.35486025e-02 -7.95545679e-04
 2.00002000e+00  1.00000000e-01  0.00000000e+00  7.52632565e+02  1.44651461e+00 -6.92497982e-01  1.00071444e+00  1.36179118e+00  1.12754815e+03  3.00271166e-01  1.54319602e-01  4.52059469e+02  1.16481786e+00  1.00055747e+00
 2.00002000e+00  1.00000000e-01  1.00000000e+00 -7.51636098e+02 -4.63538677e-01  7.16371438e-01 -9.02631335e-04  7.10295004e-03 -1.12755371e+03 -3.09587959e-01  6.19657893e-03  4.50583895e+01  2.16534721e-02 -7.95315148e-04
 2.00005000e+00  1.00000000e-01  0.00000000e+00  3.01820153e+02  1.40760922e+00 -6.30429500e-01  1.00071380e+00  1.32848962e+00  4.51320243e+02  2.72948776e-01  1.39936958e-01  1.81564594e+02  1.14929092e+00  1.00055683e+00
 2.00005000e+00  1.00000000e-01  1.00000000e+00 -3.00823686e+02 -4.24633288e-01  6.54302957e-01 -9.01997747e-04  6.27203815e-03 -4.51325805e+02 -2.82265569e-01  5.55419547e-03  1.80129903e+01  1.91504215e-02 -7.94680513e-04
 2.00010000e+00  1.00000000e-01  0.00000000e+00  1.51539402e+02  1.37818880e+00 -5.83497522e-01  1.00071283e+00  1.30331193e+00  2.25892101e+02  2.52286352e-01  1.29061065e-01  9.13905307e+01  1.13754825e+00  1.00055586e+00
 2.00010000e+00  1.00000000e-01  1.00000000e+00 -1.50542935e+02 -3.95212865e-01  6.07370979e-01 -9.01029884e-04  5.64508127e-03 -2.25897662e+02 -2.61603145e-01  5.06924732e-03  8.99867583e+00  1.72601641e-02 -7.93711050e-04
 2.00020000e+00  1.00000000e-01  0.00000000e+00  7.63901465e+01  1.34878557e+00 -5.36600401e-01  1.00071106e+00  1.27815739e+00  1.13161215e+02  2.31634153e-01  1.18192069e-01  4.62953744e+01  1.12581055e+00  1.00055408e+00
 2.00020000e+00  1.00000000e-01  1.00000000e+00 -7.53936801e+01 -3.65809639e-01  5.60473858e-01 -8.99251691e-04  5.02078420e-03 -1.13166776e+02 -2.40950946e-01  4.58595138e-03  4.49225080e+00  1.53752593e-02 -7.91929919e-04
 2.00050000e+00  1.00000000e-01  0.00000000e+00  3.12878092e+01  1.30996788e+00 -4.74709674e-01  1.00070629e+00  1.24497392e+00  4.54984885e+01  2.04363909e-01  1.03844594e-01  1.92265935e+01  1.11030896e+00  1.00054931e+00
 2.00050000e+00  1.00000000e-01  1.00000000e+00 -3.02913428e+01 -3.26991944e-01  4.98583131e-01 -8.94485754e-04  4.20343634e-03 -4.55040497e+01 -2.13680702e-01  3.95199356e-03  1.78945448e+00  1.28995050e-02 -7.87156103e-04
 2.00100000e+00  1.00000000e-01  0.00000000e+00  1.62438433e+01  1.28067678e+00 -4.28039839e-01  1.00069923e+00  1.21997037e+00  2.29256175e+01  1.83778386e-01  9.30205665e-02  1.01946732e+01  1.09860367e+00  1.00054223e+00
 2.00100000e+00  1.00000000e-01  1.00000000e+00 -1.52473769e+01 -2.97700850e-01  4.51913296e-01 -8.87423699e-04  3.59648303e-03 -2.29311787e+01 -1.93095180e-01  3.47947113e-03  8.89344795e-01  1.10495028e-02 -7.80082376e-04
 2.00200000e+00  1.00000000e-01  0.00000000e+00  8.71313460e+00  1.25150213e+00 -3.81606018e-01  1.00068668e+00  1.19512361e+00  1.16227163e+01  1.63262100e-01  8.22432342e-02  5.67077213e+00  1.08693204e+00  1.00052966e+00
 2.00200000e+00  1.00000000e-01  1.00000000e+00 -7.71666819e+00 -2.68526192e-01  4.05479475e-01 -8.74874924e-04  3.00753933e-03 -1.16282775e+01 -1.72578893e-01  3.01813582e-03  4.40028453e-01  9.23574334e-03 -7.67512859e-04
 2.00500000e+00  1.00000000e-01  0.00000000e+00  4.18233769e+00  1.21326153e+00 -3.20885048e-01  1.00065472e+00  1.16271724e+00  4.81771690e+00  1.36335015e-01  6.81271943e-02  2.94523725e+00  1.07159726e+00  1.00049765e+00
 2.00500000e+00  1.00000000e-01  1.00000000e+00 -3.18587128e+00 -2.30285597e-01  3.44758504e-01 -8.42914991e-04  2.27945304e-03 -4.82327814e+00 -1.45651808e-01  2.43962508e-03  1.71514223e-01  6.93961945e-03 -7.35500100e-04
 2.01000000e+00  1.00000000e-01  0.00000000e+00  2.66278228e+00  1.18476397e+00 -2.75823673e-01  1.00061026e+00  1.13878222e+00  2.53203451e+00  1.16221348e-01  5.76213997e-02  2.02840578e+00  1.06012134e+00  1.00045312e+00
 2.01000000e+00  1.00000000e-01  1.00000000e+00 -1.66631587e+00 -2.01788035e-01  2.99697129e-01 -7.98460184e-04  1.79523770e-03 -2.53759575e+00 -1.25538141e-01  2.04334443e-03  8.28549492e-02  5.33661582e-03 -6.90971814e-04
 2.02000000e+00  1.00000000e-01  0.00000000e+00  1.89511278e+00  1.15687550e+00 -2.31996899e-01  1.00053711e+00  1.11566739e+00  1.37462077e+00  9.64698627e-02  4.73598702e-02  1.56304553e+00  1.04882147e+00  1.00037985e+00
 2.02000000e+00  1.00000000e-01  1.00000000e+00 -8.98646371e-01 -1.73899562e-01  2.55870356e-01 -7.25303915e-04  1.40523203e-03 -1.38018201e+00 -1.05786656e-01  1.70558450e-03  3.92979185e-02  3.92320021e-03 -6.17694626e-04
 2.02500000e+00  1.00000000e-01  0.00000000e+00  1.73970049e+00  1.14860650e+00 -2.18160813e-01  1.00059504e+00  1.10793696e+00  1.13897752e+00  9.01623605e-02  4.39851147e-02  1.46781468e+00  1.04520661e+00  1.00042113e+00
 2.02500000e+00  1.00000000e-01  1.00000000e+00 -7.43612511e-01 -1.66388579e-01  2.42947166e-01 -7.94036649e-04  1.13687911e-03 -1.14515213e+00 -9.96482781e-02  1.51738689e-03  3.04896846e-02  3.27732514e-03 -6.62959236e-04
 2.05000000e+00  1.00000000e-01  0.00000000e+00  1.42430903e+00  1.12239727e+00 -1.76786235e-01  1.00053219e+00  1.08606169e+00  6.60161486e-01  7.11039018e-02  3.41108815e-02  1.27395977e+00  1.03427135e+00  1.00035708e+00
 2.05000000e+00  1.00000000e-01  1.00000000e+00 -4.28621034e-01 -1.40881972e-01  2.02389604e-01 -7.40711116e-04  7.93737896e-04 -6.66953746e-01 -8.07139456e-02  1.21462273e-03  1.38129020e-02  2.04990334e-03 -6.02829862e-04
 2.10000000e+00  1.00000000e-01  0.00000000e+00  1.26015449e+00  1.09766921e+00 -1.37825566e-01  1.00044499e+00  1.06556863e+00  4.08386586e-01  5.27657163e-02  2.46931813e-02  1.17097440e+00  1.02380402e+00  1.00026762e+00
 2.10000000e+00  1.00000000e-01  1.00000000e+00 -2.65292976e-01 -1.17416949e-01  1.64830989e-01 -6.68880707e-04  5.47683693e-04 -4.16442509e-01 -6.25092749e-02  9.70435110e-04  6.05163721e-03  1.09159393e-03 -5.14517550e-04
 2.20000000e+00  1.00000000e-01  0.00000000e+00  1.17186492e+00  1.07449559e+00 -1.01370691e-01  1.00032893e+00  1.04652829e+00  2.69867514e-01  3.53943457e-02  1.59127608e-02  1.11303214e+00  1.01421059e+00  1.00016190e+00
 2.20000000e+00  1.00000000e-01  1.00000000e+00 -1.78704967e-01 -9.62713062e-02  1.30384677e-01 -5.70577735e-04  3.80872194e-04 -2.80466302e-01 -4.50529038e-02  7.64340771e-04  2.67172152e-03  4.11846777e-04 -3.96068790e-04
 2.30000000e+00  1.00000000e-01  0.00000000e+00  1.13890989e+00  1.06160306e+00 -8.11763135e-02  1.00024993e+00  1.03609415e+00  2.16013057e-01  2.59689860e-02  1.12604550e-02  1.08963942e+00  1.00937020e+00  1.00010239e+00
 2.30000000e+00  1.00000000e-01  1.00000000e+00 -1.47462147e-01 -8.48652676e-02  1.11361345e-01 -4.96417043e-04  3.04891795e-04 -2.29078144e-01 -3.52376500e-02  6.46524600e-04  1.75004779e-03  1.32471793e-04 -3.14143566e-04
 2.40000000e+00  1.00000000e-01  0.00000000e+00  1.12031096e+00  1.05276354e+00 -6.74424529e-02  1.00019284e+00  1.02909322e+00  1.84324554e-01  1.98406073e-02  8.31090581e-03  1.07539480e+00  1.00647873e+00  1.00006648e+00
 2.40000000e+00  1.00000000e-01  1.00000000e+00 -1.30539397e-01 -7.70935458e-02  9.81798045e-02 -4.35898348e-04  2.55785817e-04 -1.99698029e-01 -2.85557245e-02  5.60007867e-04  1.35960281e-03 -1.69182717e-05 -2.52973549e-04
 2.50000000e+00  1.00000000e-01  0.00000000e+00  1.10764334e+00  1.04612516e+00 -5.72436458e-02  1.00015057e+00  1.02397668e+00  1.61957700e-01  1.55379522e-02  6.29399911e-03  1.06508574e+00  1.00461959e+00  1.00004406e+00
 2.50000000e+00  1.00000000e-01  1.00000000e+00 -1.19479240e-01 -7.12004483e-02  8.80826948e-02 -3.85237308e-04  2.19547040e-04 -1.79429556e-01 -2.36263861e-02  4.91078201e-04  1.14978881e-03 -1.05064810e-04 -2.05915596e-04
 2.60000000e+00  1.00000000e-01  0.00000000e+00  1.09805780e+00  1.04088305e+00 -4.92978312e-02  1.00011879e+00  1.02006081e+00  1.44582493e-01  1.23846835e-02  4.85535316e-03  1.05696073e+00  1.00337104e+00  1.00002972e+00
 2.60000000e+00  1.00000000e-01  1.00000000e+00 -1.11411101e-01 -6.64551917e-02  7.99147546e-02 -3.42281870e-04  1.91102266e-04 -1.63914891e-01 -1.98287020e-02  4.34178946e-04  1.01598772e-03 -1.58779490e-04 -1.69103227e-04
 2.70000000e+00  1.00000000e-01  0.00000000e+00  1.09032347e+00  1.03661005e+00 -4.29179634e-02  1.00009458e+00  1.01697623e+00  1.30328934e-01  1.00078205e-02  3.80023862e-03  1.05026071e+00  1.00250660e+00  1.00002037e+00
 2.70000000e+00  1.00000000e-01  1.00000000e+00 -1.05091541e-01 -6.24874497e-02  7.30835501e-02 -3.05544921e-04  1.68000918e-04 -1.51274837e-01 -1.68221522e-02  3.86293738e-04  9.18997467e-04 -1.91241030e-04 -1.39958903e-04
 2.80000000e+00  1.00000000e-01  0.00000000e+00  1.08382059e+00  1.03304949e+00 -3.76873890e-02  1.00007595e+00  1.01449745e+00  1.18247957e-01  8.17911342e-03  3.01045314e-03  1.04459369e+00  1.00189384e+00  1.00001417e+00
 2.80000000e+00  1.00000000e-01  1.00000000e+00 -9.98948450e-02 -5.90841134e-02  6.72425948e-02 -2.73911279e-04  1.48829617e-04 -1.40564333e-01 -1.43964010e-02  3.45487023e-04  8.42029094e-04 -2.09894427e-04 -1.16658302e-04
 2.90000000e+00  1.00000000e-01  0.00000000e+00  1.07820115e+00  1.03003369e+00 -3.33319262e-02  1.00006147e+00  1.01247554e+00  1.07796061e-01  6.74943406e-03  2.40967348e-03  1.03972754e+00  1.00145098e+00  1.00000999e+00
 2.90000000e+00  1.00000000e-01  1.00000000e+00 -9.54717672e-02 -5.61110115e-02  6.21695647e-02 -2.46512111e-04  1.32676928e-04 -1.31252391e-01 -1.24111996e-02  3.10392514e-04  7.77200303e-04 -2.19323200e-04 -9.78696453e-05
 3.00000000e+00  1.00000000e-01  0.00000000e+00  1.07325260e+00  1.02744646e+00 -2.96606489e-02  1.00005012e+00  1.01080668e+00  9.86304755e-02  5.61692442e-03  1.94652095e-03  1.03550900e+00  1.00112556e+00  1.00000713e+00
 3.00000000e+00  1.00000000e-01  1.00000000e+00 -9.16117465e-02 -5.34778451e-02  5.77117738e-02 -2.22656128e-04  1.18910793e-04 -1.23013716e-01 -1.07680662e-02  2.79990097e-04  7.20532088e-04 -2.22506264e-04 -8.26018231e-05
 3.10000000e+00  1.00000000e-01  0.00000000e+00  1.06883597e+00  1.02520377e+00 -2.65350688e-02  1.00004113e+00  1.00941574e+00  9.05174458e-02  4.70974107e-03  1.58535006e-03  1.03182813e+00  1.00088293e+00  1.00000515e+00
 3.10000000e+00  1.00000000e-01  1.00000000e+00 -8.81798988e-02 -5.11206557e-02  5.37588641e-02 -2.01785739e-04  1.07070875e-04 -1.15634416e-01 -9.39526755e-03  2.53491002e-04  6.69875412e-04 -2.21448557e-04 -7.01068463e-05
 3.20000000e+00  1.00000000e-01  0.00000000e+00  1.06485505e+00  1.02324283e+00 -2.38516216e-02  1.00003398e+00  1.00824677e+00  8.32872684e-02  3.97595219e-03  1.30085215e-03  1.02860121e+00  1.00069968e+00  1.00000376e+00
 3.20000000e+00  1.00000000e-01  1.00000000e+00 -8.50854354e-02 -4.89922940e-02  5.02278947e-02 -1.83446629e-04  9.68100810e-05 -1.08965320e-01 -8.23911996e-03  2.30270927e-04  6.23985064e-04 -2.17530762e-04 -5.98137723e-05
 3.30000000e+00  1.00000000e-01  0.00000000e+00  1.06124005e+00  1.02151547e+00 -2.15310099e-02  1.00002823e+00  1.00725722e+00  7.68105789e-02  3.37727725e-03  1.07472077e-03  1.02576178e+00  1.00055963e+00  1.00000277e+00
 3.30000000e+00  1.00000000e-01  1.00000000e+00 -8.22646601e-02 -4.70568774e-02  4.70546098e-02 -1.67265569e-04  8.78599236e-05 -1.02897168e-01 -7.25860368e-03  2.09827437e-04  5.82081777e-04 -2.11718058e-04 -5.12825183e-05
 3.40000000e+00  1.00000000e-01  0.00000000e+00  1.05793823e+00  1.01998404e+00 -1.95113648e-02  1.00002359e+00  1.00641417e+00  7.09850250e-02  2.88503878e-03  8.93507675e-04  1.02325563e+00  1.00045146e+00  1.00000207e+00
 3.40000000e+00  1.00000000e-01  1.00000000e+00 -7.96712722e-02 -4.52863851e-02  4.41880229e-02 -1.52933778e-04  8.00086100e-05 -9.73466169e-02 -6.42185278e-03  1.91751022e-04  5.43636267e-04 -2.04691525e-04 -4.41708896e-05
 3.50000000e+00  1.00000000e-01  0.00000000e+00  1.05490841e+00  1.01861855e+00 -1.77436657e-02  1.00001981e+00  1.00569175e+00  6.57273314e-02  2.47745645e-03  7.47201435e-04  1.02103766e+00  1.00036708e+00  1.00000155e+00
 3.50000000e+00  1.00000000e-01  1.00000000e+00 -7.72705670e-02 -4.36584677e-02  4.15868926e-02 -1.40194176e-04  7.30864527e-05 -9.22479508e-02 -5.70377440e-03  1.75704520e-04  5.08259168e-04 -1.96934174e-04 -3.82106708e-05
 3.60000000e+00  1.00000000e-01  0.00000000e+00  1.05211756e+00  1.01739481e+00 -1.61885687e-02  1.00001672e+00  1.00506946e+00  6.09683210e-02  2.13779009e-03  6.28261866e-04  1.01906991e+00  1.00030067e+00  1.00000118e+00
 3.60000000e+00  1.00000000e-01  1.00000000e+00 -7.50358282e-02 -4.21549839e-02  3.92173353e-02 -1.28831495e-04  6.69557556e-05 -8.75479389e-02 -5.08438245e-03  1.61408000e-04  4.75643637e-04 -1.88788919e-04 -3.31900722e-05
 3.70000000e+00  1.00000000e-01  0.00000000e+00  1.04953857e+00  1.01629308e+00 -1.48141460e-02  1.00001418e+00  1.00453082e+00  5.66496259e-02  1.85303727e-03  5.30950781e-04  1.01732015e+00  1.00024795e+00  1.00000090e+00
 3.70000000e+00  1.00000000e-01  1.00000000e+00 -7.29460016e-02 -4.07609878e-02  3.70511504e-02 -1.18664525e-04  6.15035893e-05 -8.32025191e-02 -4.54760135e-03  1.48627361e-04  4.45534461e-04 -1.80498529e-04 -2.89407009e-05
 3.80000000e+00  1.00000000e-01  0.00000000e+00  1.04714875e+00  1.01529706e+00 -1.35942394e-02  1.00001208e+00  1.00406251e+00  5.27214196e-02  1.61300325e-03  4.50860225e-04  1.01576084e+00  1.00020578e+00  1.00000069e+00
 3.80000000e+00  1.00000000e-01  1.00000000e+00 -7.09841518e-02 -3.94640106e-02  3.50646116e-02 -1.09539968e-04  5.66364870e-05 -7.91745796e-02 -4.08038936e-03  1.37165592e-04  4.17711268e-04 -1.72233616e-04 -2.53277988e-05
 3.90000000e+00  1.00000000e-01  0.00000000e+00  1.04492887e+00  1.01439318e+00 -1.25072359e-02  1.00001033e+00  1.00365367e+00  4.91407829e-02  1.40962626e-03  3.84575012e-04  1.01436835e+00  1.00017181e+00  1.00000054e+00
 3.90000000e+00  1.00000000e-01  1.00000000e+00 -6.91364087e-02 -3.82535357e-02  3.32375721e-02 -1.01327538e-04  5.22764739e-05 -7.54324220e-02 -3.67208497e-03  1.26855947e-04  3.91979035e-04 -1.64112523e-04 -2.22428653e-05
 4.00000000e+00  1.00000000e-01  0.00000000e+00  1.04286242e+00  1.01357004e+00 -1.15351432e-02  1.00000887e+00  1.00329535e+00  4.58704871e-02  1.23648148e-03  3.29428234e-04  1.01312231e+00  1.00014424e+00  1.00000042e+00
 4.00000000e+00  1.00000000e-01  1.00000000e+00 -6.73912321e-02 -3.71206096e-02  3.15527880e-02 -9.39160218e-05  4.83580420e-05 -7.19486641e-02 -3.31391240e-03  1.17556572e-04  3.68162539e-04 -1.56215600e-04 -1.95980362e-05
 4.10000000e+00  1.00000000e-01  0.00000000e+00  1.04093504e+00  1.01281802e+00 -1.06628815e-02  1.00000765e+00  1.00298019e+00  4.28780583e-02  1.08841185e-03  2.83322077e-04  1.01200512e+00  1.00012173e+00  1.00000033e+00
 4.10000000e+00  1.00000000e-01  1.00000000e+00 -6.57388862e-02 -3.60575453e-02  2.99953981e-02 -8.72100990e-05  4.48258102e-05 -6.86994334e-02 -2.99860284e-03  1.09146216e-04  3.46102982e-04 -1.48595540e-04 -1.73217702e-05
 4.20000000e+00  1.00000000e-01  0.00000000e+00  1.03913419e+00  1.01212891e+00 -9.87773411e-03  1.00000662e+00  1.00270204e+00  4.01350398e-02  9.61250439e-04  2.44595145e-04  1.01100155e+00  1.00010325e+00  1.00000026e+00
 4.20000000e+00  1.00000000e-01  1.00000000e+00 -6.41710572e-02 -3.50576950e-02  2.85525152e-02 -8.11277487e-05  4.16326928e-05 -6.56637593e-02 -2.72010114e-03  1.01520784e-04  3.25655734e-04 -1.41284917e-04 -1.53555145e-05
 4.30000000e+00  1.00000000e-01  0.00000000e+00  1.03744882e+00  1.01149569e+00 -9.16891632e-03  1.00000575e+00  1.00245577e+00  3.76163992e-02  8.51609510e-04  2.11923292e-04  1.01009836e+00  1.00008797e+00  1.00000021e+00
 4.30000000e+00  1.00000000e-01  1.00000000e+00 -6.26805693e-02 -3.41152713e-02  2.72129037e-02 -7.55981340e-05  3.87384490e-05 -6.28231043e-02 -2.47333642e-03  9.45905455e-05  3.06688751e-04 -1.34301713e-04 -1.36511103e-05
 4.40000000e+00  1.00000000e-01  0.00000000e+00  1.03586910e+00  1.01091232e+00 -8.52723462e-03  1.00000500e+00  1.00223707e+00  3.53000431e-02  7.56718961e-04  1.84244850e-04  1.00928402e+00  1.00007529e+00  1.00000017e+00
 4.40000000e+00  1.00000000e-01  1.00000000e+00 -6.12611705e-02 -3.32252065e-02  2.59667196e-02 -7.05598611e-05  3.61085248e-05 -6.01609946e-02 -2.25404119e-03  8.82778556e-05  2.89081345e-04 -1.27653387e-04 -1.21687628e-05
 4.50000000e+00  1.00000000e-01  0.00000000e+00  1.03438633e+00  1.01037356e+00 -7.94481413e-03  1.00000437e+00  1.00204228e+00  3.31664150e-02  6.74301454e-04  1.60703811e-04  1.00854850e+00  1.00006471e+00  1.00000013e+00
 4.50000000e+00  1.00000000e-01  1.00000000e+00 -5.99073687e-02 -3.23830388e-02  2.48052998e-02 -6.59595424e-05  3.37131182e-05 -5.76627238e-02 -2.05860761e-03  8.25152868e-05  2.72723158e-04 -1.21339881e-04 -1.08754413e-05
 2.00001000e+00  1.00000000e+00  0.00000000e+00  2.50035858e+04  2.91713802e+00 -2.63932618e+00  1.05178540e+00  3.00544095e+00  3.75034164e+04  1.29796550e+00  2.13819451e-01  1.50022711e+04  2.26622491e+00  1.02508837e+00
 2.00001000e+00  1.00000000e+00  1.00000000e+00 -2.50029406e+04 -2.19247292e+00  2.87662308e+00 -1.50242722e-01  5.48189445e-01 -3.75036901e+04 -1.33662228e+00  1.12200876e+00  1.50014088e+04  1.37821769e-01 -7.23020227e-02
 2.00002000e+00  1.00000000e+00  0.00000000e+00  1.25034299e+04  2.80161349e+00 -2.46605205e+00  1.05177274e+00  2.86683056e+00  1.87531825e+04  1.21132843e+00  1.96497708e-01  7.50217750e+03  2.18304955e+00  1.02508077e+00
 2.00002000e+00  1.00000000e+00  1.00000000e+00 -1.25027846e+04 -2.07694839e+00  2.70334894e+00 -1.50230063e-01  5.13538364e-01 -1.87534562e+04 -1.24998521e+00  1.05269977e+00  7.50131528e+03  1.17040842e-01 -7.22944277e-02
 2.00005000e+00  1.00000000e+00  0.00000000e+00  5.00322372e+03  2.64889837e+00 -2.23701421e+00  1.05173789e+00  2.68362482e+00  7.50287332e+03  1.09680951e+00  1.73609536e-01  3.00205383e+03  2.07310102e+00  1.02505986e+00
 2.00005000e+00  1.00000000e+00  1.00000000e+00 -5.00257845e+03 -1.92423327e+00  2.47431110e+00 -1.50195216e-01  4.67741112e-01 -7.50314702e+03 -1.13546630e+00  9.61086443e-01  3.00119163e+03  8.95892537e-02 -7.22735193e-02
 2.00010000e+00  1.00000000e+00  0.00000000e+00  2.50306777e+03  2.53337384e+00 -2.06378065e+00  1.05168466e+00  2.54507545e+00  3.75263947e+03  1.01019273e+00  1.56310028e-01  1.50196031e+03  1.98993307e+00  1.02502792e+00
 2.00010000e+00  1.00000000e+00  1.00000000e+00 -2.50242250e+03 -1.80870874e+00  2.30107754e+00 -1.50141984e-01  4.33110156e-01 -3.75291317e+03 -1.04884951e+00  8.91795786e-01  1.50109813e+03  6.88515628e-02 -7.22415798e-02
 2.00020000e+00  1.00000000e+00  0.00000000e+00  1.25291183e+03  2.41784931e+00 -1.89059165e+00  1.05158686e+00  2.40659310e+00  1.87740570e+03  9.23598231e-01  1.39034943e-01  7.51866836e+02  1.90677325e+00  1.02496924e+00
 2.00020000e+00  1.00000000e+00  1.00000000e+00 -1.25226657e+03 -1.69318421e+00  2.12788855e+00 -1.50044183e-01  3.98501306e-01 -1.87767940e+03 -9.62255017e-01  8.22525274e-01  7.51004697e+02  4.81613637e-02 -7.21828995e-02
 2.00050000e+00  1.00000000e+00  0.00000000e+00  5.02705724e+02  2.26513419e+00 -1.66178110e+00  1.05132473e+00  2.22372919e+00  7.52096888e+02  8.09192952e-01  1.16271320e-01  3.01743401e+02  1.79686617e+00  1.02481197e+00
 2.00050000e+00  1.00000000e+00  1.00000000e+00 -5.02060458e+02 -1.54046909e+00  1.89907799e+00 -1.49782056e-01  3.52816785e-01 -7.52370591e+02 -8.47849739e-01  7.31014682e-01  3.00881367e+02  2.09519638e-02 -7.20256235e-02
 2.00100000e+00  1.00000000e+00  0.00000000e+00  2.52549849e+02  2.14960966e+00 -1.48888271e+00  1.05093632e+00  2.08568393e+00  3.76863600e+02  7.22743761e-01  9.91554911e-02  1.51650218e+02  1.71375936e+00  1.02457892e+00
 2.00100000e+00  1.00000000e+00  1.00000000e+00 -2.51904583e+02 -1.42494456e+00  1.72617961e+00 -1.49393643e-01  3.18352078e-01 -3.77137303e+02 -7.61400548e-01  6.61875526e-01  1.50788339e+02  5.71441275e-04 -7.17925757e-02
 2.00200000e+00  1.00000000e+00  0.00000000e+00  1.27394039e+02  2.03408513e+00 -1.31628610e+00  1.05024614e+00  1.94809253e+00  1.89130816e+02  6.36445455e-01  8.22050316e-02  7.65573392e+01  1.63070758e+00  1.02416481e+00
 2.00200000e+00  1.00000000e+00  1.00000000e+00 -1.26748773e+02 -1.30942003e+00  1.55358299e+00 -1.48703461e-01  2.84037050e-01 -1.89404519e+02 -6.75102241e-01  5.92872771e-01  7.56957364e+01 -1.94875155e-02 -7.13784662e-02
 2.00500000e+00  1.00000000e+00  0.00000000e+00  5.21882502e+01  1.88137001e+00 -1.08897122e+00  1.04848834e+00  1.76747811e+00  7.63245063e+01  5.22788012e-01  6.02610357e-02  3.14354128e+01  1.52107332e+00  1.02311013e+00
 2.00500000e+00  1.00000000e+00  1.00000000e+00 -5.15429845e+01 -1.15670491e+00  1.32626811e+00 -1.46945665e-01  2.39094380e-01 -7.65982089e+01 -5.61444798e-01  5.02038222e-01  3.05745131e+01 -4.51031297e-02 -7.03237884e-02
 2.01000000e+00  1.00000000e+00  0.00000000e+00  2.70328160e+01  1.76584548e+00 -9.18129435e-01  1.04604333e+00  1.63252597e+00  3.85946558e+01  4.37367121e-01  4.42722241e-02  1.63443039e+01  1.43834163e+00  1.02164312e+00
 2.01000000e+00  1.00000000e+00  1.00000000e+00 -2.63875503e+01 -1.04118038e+00  1.15542633e+00 -1.44500650e-01  2.05649749e-01 -3.88683584e+01 -4.76023908e-01  4.33828650e-01  1.54843822e+01 -6.32921378e-02 -6.88567798e-02
 2.02000000e+00  1.00000000e+00  0.00000000e+00  1.43777201e+01  1.65032095e+00 -7.48866235e-01  1.04201973e+00  1.49994803e+00  1.96174438e+01  3.52735521e-01  2.91484745e-02  8.75478710e+00  1.35589787e+00  1.01922897e+00
 2.02000000e+00  1.00000000e+00  1.00000000e+00 -1.37324544e+01 -9.25655847e-01  9.86163127e-01 -1.40477055e-01  1.72988093e-01 -1.98911464e+01 -3.91392308e-01  3.66332597e-01  7.89647486e+00 -7.97990106e-02 -6.64426229e-02
 2.02500000e+00  1.00000000e+00  0.00000000e+00  1.18308730e+01  1.61590039e+00 -7.02024331e-01  1.04199643e+00  1.46432992e+00  1.58037971e+01  3.29727734e-01  2.54866110e-02  7.23050573e+00  1.33312338e+00  1.01928914e+00
 2.02500000e+00  1.00000000e+00  1.00000000e+00 -1.11842820e+01 -8.89093248e-01  9.35578689e-01 -1.37879292e-01  1.62461604e-01 -1.60759364e+01 -3.67331831e-01  3.45628585e-01  6.36992242e+00 -8.38299159e-02 -6.42243096e-02
 2.05000000e+00  1.00000000e+00  0.00000000e+00  6.67965088e+00  1.50311680e+00 -5.43189570e-01  1.03622840e+00  1.34305909e+00  8.09106562e+00  2.50597799e-01  1.31997134e-02  4.14805921e+00  1.25504071e+00  1.01626618e+00
 2.05000000e+00  1.00000000e+00  1.00000000e+00 -6.03161686e+00 -7.74182446e-01  7.73049775e-01 -1.29597536e-01  1.31261868e-01 -8.36148633e+00 -2.87183659e-01  2.80553957e-01  3.28852423e+00 -9.56318980e-02 -5.91351914e-02
 2.10000000e+00  1.00000000e+00  0.00000000e+00  4.03209762e+00  1.39300628e+00 -3.94506440e-01  1.02830747e+00  1.23302792e+00  4.14245353e+00  1.76820707e-01  3.76787258e-03  2.57280069e+00  1.18112811e+00  1.01215611e+00
 2.10000000e+00  1.00000000e+00  1.00000000e+00 -3.38119748e+00 -6.59875260e-01  6.17143953e-01 -1.16829552e-01  1.01739905e-01 -4.40942406e+00 -2.11438886e-01  2.18019484e-01  1.71378851e+00 -1.02260669e-01 -5.10548596e-02
 2.20000000e+00  1.00000000e+00  0.00000000e+00  2.64104859e+00  1.28803765e+00 -2.61871657e-01  1.01876447e+00  1.13980694e+00  2.09086839e+00  1.11592065e-01 -1.90434870e-03  1.75869504e+00  1.11444484e+00  1.00747943e+00
 2.20000000e+00  1.00000000e+00  1.00000000e+00 -1.98449420e+00 -5.46750955e-01  4.70734368e-01 -9.83002797e-02  7.42610043e-02 -2.35089415e+00 -1.42550244e-01  1.59204689e-01  8.97851528e-01 -1.01652310e-01 -3.94784054e-02
 2.30000000e+00  1.00000000e+00  0.00000000e+00  2.14662002e+00  1.23065676e+00 -1.94738541e-01  1.01312679e+00  1.09559483e+00  1.37682927e+00  7.90642482e-02 -3.29176729e-03  1.47848389e+00  1.08057158e+00  1.00491701e+00
 2.30000000e+00  1.00000000e+00  1.00000000e+00 -1.48451322e+00 -4.81539733e-01  3.90725969e-01 -8.45876702e-02  5.92549955e-02 -1.62986529e+00 -1.06722801e-01  1.27153010e-01  6.13929471e-01 -9.70437180e-02 -3.13025488e-02
 2.40000000e+00  1.00000000e+00  0.00000000e+00  1.88607530e+00  1.19255411e+00 -1.52907621e-01  1.00948443e+00  1.06962281e+00  1.00915890e+00  5.91420364e-02 -3.47797147e-03  1.33621632e+00  1.05960704e+00  1.00336245e+00
 2.40000000e+00  1.00000000e+00  1.00000000e+00 -1.21851553e+00 -4.35937314e-01  3.36909972e-01 -7.37314704e-02  4.91618019e-02 -1.25517719e+00 -8.38457500e-02  1.05765006e-01  4.66956142e-01 -9.15659492e-02 -2.51950744e-02
 2.50000000e+00  1.00000000e+00  0.00000000e+00  1.72266708e+00  1.16486469e+00 -1.24149048e-01  1.00701563e+00  1.05273781e+00  7.84088068e-01  4.57144728e-02 -3.25291049e-03  1.25058564e+00  1.04540970e+00  1.00236341e+00
 2.50000000e+00  1.00000000e+00  1.00000000e+00 -1.04975157e+00 -4.01078913e-01  2.97030705e-01 -6.48467947e-02  4.17153952e-02 -1.02307749e+00 -6.77859677e-02  9.01032647e-02  3.76042609e-01 -8.59622478e-02 -2.05042076e-02
 2.60000000e+00  1.00000000e+00  0.00000000e+00  1.60952987e+00  1.14364637e+00 -1.03175348e-01  1.00528761e+00  1.04106986e+00  6.32091959e-01  3.61406698e-02 -2.89493700e-03  1.19387613e+00  1.03528798e+00  1.00169615e+00
 2.60000000e+00  1.00000000e+00  1.00000000e+00 -9.31353642e-01 -3.73018214e-01  2.65761568e-01 -5.74289727e-02  3.59332835e-02 -8.64058365e-01 -5.58761310e-02  7.80030942e-02  3.13721814e-01 -8.04846963e-02 -1.68385241e-02
 2.70000000e+00  1.00000000e+00  0.00000000e+00  1.52605113e+00  1.12680241e+00 -8.72535064e-02  1.00404833e+00  1.03266449e+00  5.22746798e-01  2.90555444e-02 -2.51479789e-03  1.15396547e+00  1.02782969e+00  1.00123785e+00
 2.70000000e+00  1.00000000e+00  1.00000000e+00 -8.42707119e-01 -3.49650591e-01  2.40321441e-01 -5.11510641e-02  3.12972618e-02 -7.47714592e-01 -4.67228297e-02  6.83230386e-02  2.68040922e-01 -7.52354761e-02 -1.39376765e-02
 2.80000000e+00  1.00000000e+00  0.00000000e+00  1.46166814e+00  1.11308670e+00 -7.48062914e-02  1.00314189e+00  1.02642067e+00  4.40547921e-01  2.36706562e-02 -2.15725699e-03  1.12467606e+00  1.02220616e+00  1.00091621e+00
 2.80000000e+00  1.00000000e+00  1.00000000e+00 -7.73247516e-01 -3.29719273e-01  2.19080186e-01 -4.57839094e-02  2.74977258e-02 -6.58562643e-01 -3.95092954e-02  6.03874449e-02  2.32947201e-01 -7.02596084e-02 -1.16186493e-02
 2.90000000e+00  1.00000000e+00  0.00000000e+00  1.41037325e+00  1.10170027e+00 -6.48523268e-02  1.00246778e+00  1.02167037e+00  3.76727834e-01  1.94947353e-02 -1.83859293e-03  1.10251421e+00  1.01789289e+00  1.00068651e+00
 2.90000000e+00  1.00000000e+00  1.00000000e+00 -7.16965953e-01 -3.12412721e-01  2.01001997e-01 -4.11584098e-02  2.43332577e-02 -5.87858461e-01 -3.37172307e-02  5.37631735e-02  2.05041640e-01 -6.55760196e-02 -9.74849718e-03
 3.00000000e+00  1.00000000e+00  0.00000000e+00  1.36847960e+00  1.09210175e+00 -5.67464848e-02  1.00195915e+00  1.01798571e+00  3.25938286e-01  1.62044262e-02 -1.56235633e-03  1.08534939e+00  1.01453981e+00  1.00052004e+00
 3.00000000e+00  1.00000000e+00  1.00000000e+00 -6.70175041e-01 -2.97175858e-01  1.85388140e-01 -3.71453527e-02  2.16646652e-02 -5.30278172e-01 -2.89982523e-02  4.81558479e-02  1.82264970e-01 -6.11896566e-02 -8.22854979e-03
 3.10000000e+00  1.00000000e+00  0.00000000e+00  1.33358941e+00  1.08390862e+00 -5.00464527e-02  1.00157045e+00  1.01508117e+00  2.84722714e-01  1.35779348e-02 -1.32653303e-03  1.07180656e+00  1.01190415e+00  1.00039784e+00
 3.10000000e+00  1.00000000e+00  1.00000000e+00 -6.30477064e-01 -2.83611904e-01  1.71744942e-01 -3.36435332e-02  1.93914538e-02 -4.82388885e-01 -2.51079126e-02  4.33562763e-02  1.63294134e-01 -5.70970418e-02 -6.98443137e-03
 3.20000000e+00  1.00000000e+00  0.00000000e+00  1.30407028e+00  1.07684156e+00 -4.44386486e-02  1.00126997e+00  1.01275987e+00  2.50743396e-01  1.14582174e-02 -1.12691097e-03  1.06095855e+00  1.00981274e+00  1.00030713e+00
 3.20000000e+00  1.00000000e+00  1.00000000e+00 -5.96240126e-01 -2.71427176e-01  1.59710579e-01 -3.05722269e-02  1.74386555e-02 -4.41874449e-01 -2.18689352e-02  3.92105143e-02  1.47237966e-01 -5.32893081e-02 -5.95939215e-03
 3.30000000e+00  1.00000000e+00  0.00000000e+00  1.27876898e+00  1.07069114e+00 -3.96945885e-02  1.00103526e+00  1.01088240e+00  2.22360425e-01  9.73124366e-03 -9.58687197e-04  1.05215814e+00  1.00813934e+00  1.00023909e+00
 3.30000000e+00  1.00000000e+00  1.00000000e+00 -5.66311738e-01 -2.60398095e-01  1.49011846e-01 -2.78661380e-02  1.57489267e-02 -4.07113511e-01 -1.91494007e-02  3.56020616e-02  1.33472279e-01 -4.97541295e-02 -5.10968738e-03
 3.40000000e+00  1.00000000e+00  0.00000000e+00  1.25684552e+00  1.06529688e+00 -3.56439412e-02  1.00085020e+00  1.00934787e+00  1.98388408e-01  8.31251289e-03 -8.17201154e-04  1.04494080e+00  1.00679040e+00  1.00018758e+00
 3.40000000e+00  1.00000000e+00  1.00000000e+00 -5.39852729e-01 -2.50350460e-01  1.39437318e-01 -2.54718574e-02  1.42775396e-02 -3.76935783e-01 -1.68491054e-02  3.24407198e-02  1.21545249e-01 -4.64770654e-02 -4.40129441e-03
 3.50000000e+00  1.00000000e+00  0.00000000e+00  1.23767225e+00  1.06053357e+00 -3.21572349e-02  1.00070300e+00  1.00808186e+00  1.77948876e-01  7.13834401e-03 -6.98242933e-04  1.03896541e+00  1.00569559e+00  1.00014824e+00
 3.50000000e+00  1.00000000e+00  1.00000000e+00 -5.16236184e-01 -2.41145882e-01  1.30820004e-01 -2.33452942e-02  1.29890443e-02 -3.50474373e-01 -1.48906390e-02  2.96553363e-02  1.11120503e-01 -4.34425329e-02 -3.80753798e-03
 3.60000000e+00  1.00000000e+00  0.00000000e+00  1.22076987e+00  1.05630194e+00 -2.91343919e-02  1.00058498e+00  1.00702856e+00  1.60376956e-01  6.16006045e-03 -5.98152689e-04  1.03397661e+00  1.00480144e+00  1.00011795e+00
 3.60000000e+00  1.00000000e+00  1.00000000e+00 -4.94983353e-01 -2.32672599e-01  1.23025712e-01 -2.14497634e-02  1.18549736e-02 -3.27072641e-01 -1.32133570e-02  2.71888958e-02  1.01941509e-01 -4.06345138e-02 -3.30734819e-03
 3.70000000e+00  1.00000000e+00  0.00000000e+00  1.20576550e+00  1.05252230e+00 -2.64969157e-02  1.00048966e+00  1.00614554e+00  1.45160343e-01  5.33999946e-03 -5.13813725e-04  1.02978018e+00  1.00406692e+00  1.00009446e+00
 3.70000000e+00  1.00000000e+00  1.00000000e+00 -4.75721651e-01 -2.24839069e-01  1.15945012e-01 -1.97545333e-02  1.08522122e-02 -3.06223487e-01 -1.17691813e-02  2.49951042e-02  9.38085179e-02 -3.80370583e-02 -2.88396775e-03
 3.80000000e+00  1.00000000e+00  0.00000000e+00  1.19236430e+00  1.04912987e+00 -2.41824384e-02  1.00041213e+00  1.00540013e+00  1.31898114e-01  4.64870916e-03 -4.42608388e-04  1.02622626e+00  1.00346023e+00  1.00007610e+00
 3.80000000e+00  1.00000000e+00  1.00000000e+00 -4.58156268e-01 -2.17569385e-01  1.09487531e-01 -1.82337024e-02  9.96180920e-03 -2.87528571e-01 -1.05196023e-02  2.30359469e-02  8.65631704e-02 -3.56346351e-02 -2.52398323e-03
 3.90000000e+00  1.00000000e+00  0.00000000e+00  1.18032984e+00  1.04607146e+00 -2.21408382e-02  1.00034867e+00  1.00476687e+00  1.20272260e-01  4.06294133e-03 -3.82354249e-04  1.02319786e+00  1.00295654e+00  1.00006167e+00
 3.90000000e+00  1.00000000e+00  1.00000000e+00 -4.42050508e-01 -2.10799926e-01  1.03577819e-01 -1.68653213e-02  9.16809712e-03 -2.70670251e-01 -9.43349545e-03  2.12799025e-02  8.00779532e-02 -3.34123641e-02 -2.21659250e-03
 4.00000000e+00  1.00000000e+00  0.00000000e+00  1.16947014e+00  1.04330302e+00 -2.03314200e-02  1.00029641e+00  1.00422573e+00  1.10027539e-01  3.56419012e-03 -3.31239739e-04  1.02060263e+00  1.00253634e+00  1.00005024e+00
 4.00000000e+00  1.00000000e+00  1.00000000e+00 -4.27211856e-01 -2.04476858e-01  9.81522764e-02 -1.56306964e-02  8.45802368e-03 -2.55391830e-01 -8.48550280e-03  1.97006133e-02  7.42487908e-02 -3.13561598e-02 -1.95304646e-03
 4.10000000e+00  1.00000000e+00  0.00000000e+00  1.15962761e+00  1.04078771e+00 -1.87208381e-02  1.00025313e+00  1.00376080e+00  1.00956915e-01  3.13761198e-03 -2.87764386e-04  1.01836699e+00  1.00218418e+00  1.00004114e+00
 4.10000000e+00  1.00000000e+00  1.00000000e+00 -4.13481905e-01 -1.98554242e-01  9.31568440e-02 -1.45138339e-02  7.82064515e-03 -2.41483354e-01 -7.65481539e-03  1.82758719e-02  6.89897301e-02 -2.94528108e-02 -1.72622031e-03
 4.20000000e+00  1.00000000e+00  0.00000000e+00  1.15067158e+00  1.03849457e+00 -1.72815402e-02  1.00021710e+00  1.00335934e+00  9.28908813e-02  2.77121825e-03 -2.50686329e-04  1.01643178e+00  1.00188775e+00  1.00003386e+00
 4.20000000e+00  1.00000000e+00  1.00000000e+00 -4.00728946e-01 -1.92992580e-01  8.85452281e-02 -1.35009915e-02  7.24672710e-03 -2.28771256e-01 -6.92424530e-03  1.69868451e-02  6.42290506e-02 -2.76900112e-02 -1.53028206e-03
 4.30000000e+00  1.00000000e+00  0.00000000e+00  1.14249274e+00  1.03639732e+00 -1.59905882e-02  1.00018695e+00  1.00301105e+00  8.56894791e-02  2.45526403e-03 -2.18977424e-04  1.01474908e+00  1.00163721e+00  1.00002799e+00
 4.30000000e+00  1.00000000e+00  1.00000000e+00 -3.88842435e-01 -1.87757675e-01  8.42775219e-02 -1.25803145e-02  6.72843448e-03 -2.17110650e-01 -6.27951048e-03  1.58174663e-02  5.99063636e-02 -2.60563606e-02 -1.36043456e-03
 4.40000000e+00  1.00000000e+00  0.00000000e+00  1.13499894e+00  1.03447359e+00 -1.48287534e-02  1.00016161e+00  1.00270758e+00  7.92362656e-02  2.18178135e-03 -1.91785596e-04  1.01327979e+00  1.00142461e+00  1.00002325e+00
 4.40000000e+00  1.00000000e+00  1.00000000e+00 -3.77728794e-01 -1.82819740e-01  8.03191184e-02 -1.17415380e-02  6.25908519e-03 -2.06379528e-01 -5.70867786e-03  1.47539548e-02  5.59704155e-02 -2.45413403e-02 -1.21271344e-03
 4.50000000e+00  1.00000000e+00  0.00000000e+00  1.12811192e+00  1.03270416e+00 -1.37798136e-02  1.00014021e+00  1.00244206e+00  7.34336915e-02  1.94421923e-03 -1.68403608e-04  1.01199179e+00  1.00124353e+00  1.00001939e+00
 4.50000000e+00  1.00000000e+00  1.00000000e+00 -3.67308186e-01 -1.78152677e-01  7.66398449e-02 -1.09757426e-02  5.83295327e-03 -1.96474324e-01 -5.20172599e-03  1.37844337e-02  5.23773982e-02 -2.31352759e-02 -1.08382797e-03
 2.00001000e+00  1.00000000e+01  0.00000000e+00  1.50297233e+04  5.13382129e+00 -1.90881887e+00  1.16989555e+00  3.99627741e+00  2.25330797e+04  4.47583643e+00 -6.15262858e-01  9.01107177e+03  6.83411703e+00  1.20622464e+00
 2.00001000e+00  1.00000000e+01  1.00000000e+00 -1.50296871e+04 -4.92974755e+00  2.01858679e+00 -9.02861485e-01  7.73232839e+00 -2.25331241e+04 -4.52123385e+00  2.57517246e+01  9.01358151e+04  2.35486025e+01 -7.95545679e-01
 2.00002000e+00  1.00000000e+01  0.00000000e+00  7.51639721e+03  4.83946051e+00 -1.74859191e+00  1.16966540e+00  3.74447194e+00  1.12637935e+04  4.11471079e+00 -5.69402463e-01  4.50363791e+03  6.34601088e+00  1.20599411e+00
 2.00002000e+00  1.00000000e+01  1.00000000e+00 -7.51636098e+03 -4.63538677e+00  1.85835983e+00 -9.02631335e-01  7.10295004e+00 -1.12638379e+04 -4.16010821e+00  2.37198184e+01  4.50583895e+04  2.16534721e+01 -7.95315148e-01
 2.00005000e+00  1.00000000e+01  0.00000000e+00  3.00827309e+03  4.45040662e+00 -1.53702772e+00  1.16903181e+00  3.41195817e+00  4.50253636e+03  3.63774357e+00 -5.08731837e-01  1.79950512e+03  5.70160828e+00  1.20535947e+00
 2.00005000e+00  1.00000000e+01  1.00000000e+00 -3.00823686e+03 -4.24633288e+00  1.64679564e+00 -9.01997747e-01  6.27203815e+00 -4.50258069e+03 -3.68314098e+00  2.10362278e+01  1.80129903e+04  1.91504215e+01 -7.94680513e-01
 2.00010000e+00  1.00000000e+01  0.00000000e+00  1.50546557e+03  4.15620239e+00 -1.37734803e+00  1.16806395e+00  3.16094777e+00  2.24902755e+03  3.27754729e+00 -4.62767325e-01  8.98380267e+02  5.21538061e+00  1.20439001e+00
 2.00010000e+00  1.00000000e+01  1.00000000e+00 -1.50542935e+03 -3.95212865e+00  1.48711595e+00 -9.01029884e-01  5.64508127e+00 -2.24907188e+03 -3.32294471e+00  1.90097944e+01  8.99867583e+03  1.72601641e+01 -7.93711050e-01
 2.00020000e+00  1.00000000e+01  0.00000000e+00  7.53973021e+02  3.86217013e+00 -1.21826948e+00  1.16628576e+00  2.91081071e+00  1.12249070e+03  2.91837187e+00 -4.16688448e-01  4.48042073e+02  4.73121633e+00  1.20260888e+00
 2.00020000e+00  1.00000000e+01  1.00000000e+00 -7.53936801e+02 -3.65809639e+00  1.32803740e+00 -8.99251691e-01  5.02078420e+00 -1.12253503e+03 -2.96376928e+00  1.69893725e+01  4.49225080e+03  1.53752593e+01 -7.91929919e-01
 2.00050000e+00  1.00000000e+01  0.00000000e+00  3.02949649e+02  3.47399319e+00 -1.00977086e+00  1.16151982e+00  2.58275062e+00  4.46882156e+02  2.44661056e+00 -3.55434604e-01  1.78157885e+02  4.09733618e+00  1.19783506e+00
 2.00050000e+00  1.00000000e+01  1.00000000e+00 -3.02913428e+02 -3.26991944e+00  1.11953878e+00 -8.94485754e-01  4.20343634e+00 -4.46926487e+02 -2.49200798e+00  1.43364384e+01  1.78945448e+03  1.28995050e+01 -7.87156103e-01
 2.00100000e+00  1.00000000e+01  0.00000000e+00  1.52509990e+02  3.18108225e+00 -8.54612135e-01  1.15445776e+00  2.33830830e+00  2.21921476e+02  2.09409173e+00 -3.08609991e-01  8.84362803e+01  3.62662653e+00  1.19076133e+00
 2.00100000e+00  1.00000000e+01  1.00000000e+00 -1.52473769e+02 -2.97700850e+00  9.64380053e-01 -8.87423699e-01  3.59648303e+00 -2.21965807e+02 -2.13948915e+00  1.23552157e+01  8.89344795e+02  1.10495028e+01 -7.80082376e-01
 2.00200000e+00  1.00000000e+01  0.00000000e+00  7.72029028e+01  2.88933567e+00 -7.03523714e-01  1.14190899e+00  2.09977935e+00  1.09656364e+02  1.74848505e+00 -2.61011013e-01  4.37784920e+01  3.16988804e+00  1.17819182e+00
 2.00200000e+00  1.00000000e+01  1.00000000e+00 -7.71666819e+01 -2.68526192e+00  8.13291633e-01 -8.74874924e-01  3.00753933e+00 -1.09700695e+02 -1.79388246e+00  1.04146971e+01  4.40028453e+02  9.23574334e+00 -7.67512859e-01
 2.00500000e+00  1.00000000e+01  0.00000000e+00  3.18949337e+01  2.50692971e+00 -5.15198885e-01  1.10994906e+00  1.80102786e+00  4.26046210e+01  1.31098264e+00 -1.95919157e-01  1.72455978e+01  2.60525363e+00  1.14617906e+00
 2.00500000e+00  1.00000000e+01  1.00000000e+00 -3.18587128e+01 -2.30285597e+00  6.24966803e-01 -8.42914991e-01  2.27945304e+00 -4.26489523e+01 -1.35638005e+00  7.96350582e+00  1.71514223e+02  6.93961945e+00 -7.35500100e-01
 2.01000000e+00  1.00000000e+01  0.00000000e+00  1.66993796e+01  2.22195409e+00 -3.87779867e-01  1.06549425e+00  1.59688595e+00  2.04876808e+01  1.00557106e+00 -1.43817135e-01  8.56327447e+00  2.22975943e+00  1.10165077e+00
 2.01000000e+00  1.00000000e+01  1.00000000e+00 -1.66631587e+01 -2.01788035e+00  4.97547786e-01 -7.98460184e-01  1.79523770e+00 -2.05320121e+01 -1.05096847e+00  6.25968705e+00  8.28549492e+01  5.33661582e+00 -6.90971814e-01
 2.02000000e+00  1.00000000e+01  0.00000000e+00  9.02268459e+00  1.94306937e+00 -2.81652951e-01  9.92337980e-01  1.42367733e+00  9.63182270e+00  7.36317475e-01 -8.76643456e-02  4.30999728e+00  1.92734951e+00  1.02837358e+00
 2.02000000e+00  1.00000000e+01  1.00000000e+00 -8.98646371e+00 -1.73899562e+00  3.91420870e-01 -7.25303915e-01  1.40523203e+00 -9.67615401e+00 -7.81714890e-01  4.76879450e+00  3.92979185e+01  3.92320021e+00 -6.17694626e-01
 2.02500000e+00  1.00000000e+01  0.00000000e+00  7.47673098e+00  1.88010083e+00 -2.21663994e-01  1.08498339e+00  1.33260683e+00  7.46573585e+00  6.16958120e-01 -9.97939294e-02  3.66634144e+00  1.68946891e+00  1.10850012e+00
 2.02500000e+00  1.00000000e+01  1.00000000e+00 -7.43607754e+00 -1.66388579e+00  3.30167848e-01 -7.94033163e-01  1.13687911e+00 -7.51327461e+00 -6.61750291e-01  4.05629319e+00  3.04896910e+01  3.27732505e+00 -6.62959236e-01
 2.05000000e+00  1.00000000e+01  0.00000000e+00  4.33118215e+00  1.63680766e+00 -1.32224220e-01  1.05502155e+00  1.18733223e+00  3.32300457e+00  3.86880774e-01 -6.18737760e-02  2.12864437e+00  1.40564694e+00  1.07583150e+00
 2.05000000e+00  1.00000000e+01  1.00000000e+00 -4.28619942e+00 -1.40881972e+00  2.39217341e-01 -7.40710076e-01  7.93737896e-01 -3.37389024e+00 -4.31158963e-01  2.76358851e+00  1.38129041e+01  2.04990328e+00 -6.02829862e-01
 2.10000000e+00  1.00000000e+01  0.00000000e+00  2.70696170e+00  1.42478206e+00 -6.97168462e-02  1.02793247e+00  1.08632204e+00  1.39033314e+00  2.11714533e-01 -3.18276002e-02  1.43387361e+00  1.19944406e+00  1.04131116e+00
 2.10000000e+00  1.00000000e+01  1.00000000e+00 -2.65292847e+00 -1.17416949e+00  1.73243079e-01 -6.68880183e-01  5.47683693e-01 -1.44732530e+00 -2.54614158e-01  1.77030712e+00  6.05163705e+00  1.09159390e+00 -5.14517550e-01
 2.20000000e+00  1.00000000e+01  0.00000000e+00  1.86021607e+00  1.25510290e+00 -3.28470160e-02  1.01012885e+00  1.03024189e+00  5.32234914e-01  9.59561186e-02 -1.24170700e-02  1.14050706e+00  1.07490938e+00  1.01560966e+00
 2.20000000e+00  1.00000000e+01  1.00000000e+00 -1.78704944e+00 -9.62713062e-01  1.28801321e-01 -5.70577731e-01  3.80872194e-01 -5.99287535e-01 -1.35213748e-01  1.08602109e+00  2.67172142e+00  4.11846773e-01 -3.96068790e-01
 2.30000000e+00  1.00000000e+01  0.00000000e+00  1.56780924e+00  1.17862915e+00 -2.04039263e-02  1.00464903e+00  1.01407866e+00  2.87631533e-01  5.39338614e-02 -6.06019994e-03  1.06447427e+00  1.03575678e+00  1.00705806e+00
 2.30000000e+00  1.00000000e+01  1.00000000e+00 -1.47462140e+00 -8.48652676e-01  1.08973498e-01 -4.96417043e-01  3.04891795e-01 -3.61934972e-01 -8.90796755e-02  8.07708579e-01  1.75004779e+00  1.32471791e-01 -3.14143566e-01
 2.40000000e+00  1.00000000e+01  0.00000000e+00  1.41905666e+00  1.13481677e+00 -1.43731055e-02  1.00245050e+00  1.00762370e+00  1.80842841e-01  3.37614370e-02 -3.34698264e-03  1.03479229e+00  1.01942420e+00  1.00357714e+00
 2.40000000e+00  1.00000000e+01  1.00000000e+00 -1.30539385e+00 -7.70935458e-01  9.61531734e-02 -4.35898348e-01  2.55785817e-01 -2.59938695e-01 -6.48535956e-02  6.50624876e-01  1.35960281e+00 -1.69182717e-02 -2.52973549e-01
 2.50000000e+00  1.00000000e+01  0.00000000e+00  1.32905765e+00  1.10656740e+00 -1.08590281e-02  1.00141767e+00  1.00455238e+00  1.24161607e-01  2.26225018e-02 -2.00793940e-03  1.02076307e+00  1.01150293e+00  1.00196784e+00
 2.50000000e+00  1.00000000e+01  1.00000000e+00 -1.19479238e+00 -7.12004483e-01  8.65075957e-02 -3.85237308e-01  2.19547040e-01 -2.06079850e-01 -4.99731474e-02  5.46001335e-01  1.14978881e+00 -1.05064808e-01 -2.05915596e-01
 2.60000000e+00  1.00000000e+01  0.00000000e+00  1.26886499e+00  1.08697605e+00 -8.57331372e-03  1.00087736e+00  1.00291397e+00  9.03759404e-02  1.59030371e-02 -1.27938492e-03  1.01329620e+00  1.00725358e+00  1.00115199e+00
 2.60000000e+00  1.00000000e+01  1.00000000e+00 -1.11411100e+00 -6.64551917e-01  7.87113707e-02 -3.42281870e-01  1.91102266e-01 -1.73609924e-01 -3.99148774e-02  4.69322015e-01  1.01598772e+00 -1.58779490e-01 -1.69103227e-01
 2.70000000e+00  1.00000000e+01  0.00000000e+00  1.22586949e+00  1.07268905e+00 -6.97605463e-03  1.00057155e+00  1.00196535e+00  6.86014606e-02  1.15890564e-02 -8.53649603e-04  1.00897627e+00  1.00479928e+00  1.00070819e+00
 2.70000000e+00  1.00000000e+01  1.00000000e+00 -1.05091541e+00 -6.24874497e-01  7.21622681e-02 -3.05544921e-01  1.68000918e-01 -1.52029136e-01 -3.26731164e-02  4.09730947e-01  9.18997467e-01 -1.91241030e-01 -1.39958903e-01
 2.80000000e+00  1.00000000e+01  0.00000000e+00  1.19369086e+00  1.06187643e+00 -5.80285740e-03  1.00038770e+00  1.00138094e+00  5.37499057e-02  8.68690594e-03 -5.90818273e-04  1.00631535e+00  1.00329885e+00  1.00045296e+00
 2.80000000e+00  1.00000000e+01  1.00000000e+00 -9.98948415e-01 -5.90841134e-01  6.65314998e-02 -2.73911279e-01  1.48829617e-01 -1.36550704e-01 -2.72261254e-02  3.61640683e-01  8.42029095e-01 -2.09894427e-01 -1.16658302e-01
 2.90000000e+00  1.00000000e+01  0.00000000e+00  1.16875279e+00  1.05345501e+00 -4.90918870e-03  1.00027174e+00  1.00100287e+00  4.31726667e-02  6.66169270e-03 -4.21285276e-04  1.00459342e+00  1.00233892e+00  1.00029937e+00
 2.90000000e+00  1.00000000e+01  1.00000000e+00 -9.54717658e-01 -5.61110115e-01  6.16152029e-02 -2.46512111e-01  1.32676928e-01 -1.24756643e-01 -2.29977080e-02  3.21830136e-01  7.77200303e-01 -2.19323200e-01 -9.78696453e-02
 3.00000000e+00  1.00000000e+01  0.00000000e+00  1.14889527e+00  1.04674362e+00 -4.20930957e-03  1.00019571e+00  1.00074840e+00  3.53779681e-02  5.20602921e-03 -3.07945371e-04  1.00343381e+00  1.00170159e+00  1.00020341e+00
 3.00000000e+00  1.00000000e+01  1.00000000e+00 -9.16117459e-01 -5.34778451e-01  5.72751630e-02 -2.22656128e-01  1.18910793e-01 -1.15329388e-01 -1.96368396e-02  2.88273269e-01  7.20532088e-01 -2.22506264e-01 -8.26018231e-02
 3.10000000e+00  1.00000000e+01  0.00000000e+00  1.13273697e+00  1.04129323e+00 -3.64910278e-03  1.00014421e+00  1.00057143e+00  2.94725061e-02  4.13385314e-03 -2.29875427e-04  1.00262665e+00  1.00126517e+00  1.00014152e+00
 3.10000000e+00  1.00000000e+01  1.00000000e+00 -8.81798985e-01 -5.11206557e-01  5.34115899e-02 -2.01785739e-01  1.07070875e-01 -1.07506548e-01 -1.69163292e-02  2.59606194e-01  6.69875412e-01 -2.21448557e-01 -7.01068463e-02
 3.20000000e+00  1.00000000e+01  0.00000000e+00  1.11935360e+00  1.03679645e+00 -3.19270580e-03  1.00010836e+00  1.00044489e+00  2.48945635e-02  3.32770861e-03 -1.74720637e-04  1.00204896e+00  1.00095838e+00  1.00010050e+00
 3.20000000e+00  1.00000000e+01  1.00000000e+00 -8.50854353e-01 -4.89922940e-01  4.99491070e-02 -1.83446629e-01  9.68100810e-02 -1.00824405e-01 -1.46819412e-02  2.34861341e-01  6.23985068e-01 -2.17530762e-01 -5.98137723e-02
 3.30000000e+00  1.00000000e+01  0.00000000e+00  1.10810358e+00  1.03303618e+00 -2.81540854e-03  1.00008282e+00  1.00035225e+00  2.12764907e-02  2.71081684e-03 -1.34897534e-04  1.00162555e+00  1.00073783e+00  1.00007267e+00
 3.30000000e+00  1.00000000e+01  1.00000000e+00 -8.22646600e-01 -4.70568774e-01  4.68288637e-02 -1.67265569e-01  8.78599236e-02 -9.49884434e-02 -1.28248938e-02  2.13323885e-01  5.82081777e-01 -2.11718058e-01 -5.12825183e-02
 3.40000000e+00  1.00000000e+01  0.00000000e+00  1.09852779e+00  1.02985507e+00 -2.49963450e-03  1.00006424e+00  1.00028303e+00  1.83694631e-02  2.23148957e-03 -1.05595188e-04  1.00130876e+00  1.00057615e+00  1.00005339e+00
 3.40000000e+00  1.00000000e+01  1.00000000e+00 -7.96712722e-01 -4.52863851e-01  4.40037590e-02 -1.52933778e-01  8.00086100e-02 -8.98042140e-02 -1.12660645e-02  1.94448829e-01  5.43636267e-01 -2.04691525e-01 -4.41708896e-02
 3.50000000e+00  1.00000000e+01  0.00000000e+00  1.09028910e+00  1.02713649e+00 -2.23254802e-03  1.00005049e+00  1.00023036e+00  1.60001849e-02  1.85403283e-03 -8.36724893e-05  1.00106743e+00  1.00045557e+00  1.00003979e+00
 3.50000000e+00  1.00000000e+01  1.00000000e+00 -7.72705669e-01 -4.36584677e-01  4.14353701e-02 -1.40194176e-01  7.30864527e-02 -8.51386483e-02 -9.94643501e-03  1.77810260e-01  5.08259168e-01 -1.96934174e-01 -3.82106708e-02
 3.60000000e+00  1.00000000e+01  0.00000000e+00  1.08313452e+00  1.02479231e+00 -2.00456267e-03  1.00004015e+00  1.00018966e+00  1.40450051e-02  1.55326092e-03 -6.70278607e-05  1.00088064e+00  1.00036428e+00  1.00003004e+00
 3.60000000e+00  1.00000000e+01  1.00000000e+00 -7.50358282e-01 -4.21549839e-01  3.90918774e-02 -1.28831495e-01  6.69557556e-02 -8.08976246e-02 -8.82106466e-03  1.63068772e-01  4.75643637e-01 -1.88788919e-01 -3.31900722e-02
 3.70000000e+00  1.00000000e+01  0.00000000e+00  1.07687050e+00  1.02275486e+00 -1.80838282e-03  1.00003226e+00  1.00015776e+00  1.24137617e-02  1.31105087e-03 -5.42232676e-05  1.00073401e+00  1.00029422e+00  1.00002294e+00
 3.70000000e+00  1.00000000e+01  1.00000000e+00 -7.29460016e-01 -4.07609878e-01  3.69466086e-02 -1.18664525e-01  6.15035893e-02 -7.70124274e-02 -7.85513030e-03  1.49949586e-01  4.45534461e-01 -1.80498529e-01 -2.89407009e-02
 3.80000000e+00  1.00000000e+01  0.00000000e+00  1.07134655e+00  1.02097135e+00 -1.63836352e-03  1.00002617e+00  1.00013244e+00  1.10394820e-02  1.11414211e-03 -4.42557180e-05  1.00061744e+00  1.00023980e+00  1.00001770e+00
 3.80000000e+00  1.00000000e+01  1.00000000e+00 -7.09841518e-01 -3.94640106e-01  3.49769799e-02 -1.09539968e-01  5.66364870e-02 -7.34314083e-02 -7.02125183e-03  1.38227360e-01  4.17711268e-01 -1.72233616e-01 -2.53277988e-02
 3.90000000e+00  1.00000000e+01  0.00000000e+00  1.06644388e+00  1.01940008e+00 -1.49007398e-03  1.00002142e+00  1.00011212e+00  9.87158354e-03  9.52683706e-04 -3.64133273e-05  1.00052371e+00  1.00019707e+00  1.00001380e+00
 3.90000000e+00  1.00000000e+01  1.00000000e+00 -6.91364087e-01 -3.82535357e-01  3.31637070e-02 -1.01327538e-01  5.22764739e-02 -7.01146746e-02 -6.29762930e-03  1.27715302e-01  3.91979035e-01 -1.64112523e-01 -2.22428653e-02
 4.00000000e+00  1.00000000e+01  0.00000000e+00  1.06206757e+00  1.01800774e+00 -1.35999247e-03  1.00001766e+00  1.00009563e+00  8.87128786e-03  8.19256493e-04 -3.01827364e-05  1.00044757e+00  1.00016317e+00  1.00001085e+00
 4.00000000e+00  1.00000000e+01  1.00000000e+00 -6.73912321e-01 -3.71206096e-01  3.14902036e-02 -9.39160218e-02  4.83580420e-02 -6.70306321e-02 -5.66671552e-03  1.18257162e-01  3.68162539e-01 -1.56215600e-01 -1.95980362e-02
 4.10000000e+00  1.00000000e+01  0.00000000e+00  1.05814080e+00  1.01676741e+00 -1.24528787e-03  1.00001467e+00  1.00008213e+00  8.00847321e-03  7.08205279e-04 -2.51885830e-05  1.00038513e+00  1.00013604e+00  1.00000860e+00
 4.10000000e+00  1.00000000e+01  1.00000000e+00 -6.57388862e-01 -3.60575453e-01  2.99421133e-02 -8.72100990e-02  4.48258102e-02 -6.41536938e-02 -5.11425206e-03  1.09721215e-01  3.46102982e-01 -1.48595540e-01 -1.73217702e-02
 4.20000000e+00  1.00000000e+01  0.00000000e+00  1.05460084e+00  1.01565712e+00 -1.14366153e-03  1.00001227e+00  1.00007099e+00  7.25945491e-03  6.15170159e-04 -2.11527488e-05  1.00033349e+00  1.00011415e+00  1.00000687e+00
 4.20000000e+00  1.00000000e+01  1.00000000e+00 -6.41710572e-01 -3.50576950e-01  2.85069410e-02 -8.11277487e-02  4.16326928e-02 -6.14627163e-02 -4.62855451e-03  1.01995653e-01  3.25655734e-01 -1.41284917e-01 -1.53555145e-02
 4.30000000e+00  1.00000000e+01  0.00000000e+00  1.05139591e+00  1.01465882e+00 -1.05323004e-03  1.00001032e+00  1.00006172e+00  6.60540829e-03  5.36756201e-04 -1.78667760e-05  1.00029044e+00  1.00009634e+00  1.00000553e+00
 4.30000000e+00  1.00000000e+01  1.00000000e+00 -6.26805693e-01 -3.41152713e-01  2.71737566e-02 -7.55981340e-02  3.87384490e-02 -5.89399217e-02 -4.19997592e-03  9.49850004e-02  3.06688751e-01 -1.34301713e-01 -1.36511103e-02
 4.40000000e+00  1.00000000e+01  0.00000000e+00  1.04848294e+00  1.01375753e+00 -9.72437530e-04  1.00000873e+00  1.00005394e+00  6.03122120e-03  4.70294978e-04 -1.51727028e-05  1.00025430e+00  1.00008176e+00  1.00000447e+00
 4.40000000e+00  1.00000000e+01  1.00000000e+00 -6.12611705e-01 -3.32252065e-01  2.59329569e-02 -7.05598611e-02  3.61085248e-02 -5.65701332e-02 -3.82049740e-03  8.86072936e-02  2.89081345e-01 -1.27653387e-01 -1.21687628e-02
 4.50000000e+00  1.00000000e+01  0.00000000e+00  1.04582582e+00  1.01294073e+00 -8.99989064e-04  1.00000743e+00  1.00004738e+00  5.52465172e-03  4.13671239e-04 -1.29496444e-05  1.00022375e+00  1.00006974e+00  1.00000365e+00
 4.50000000e+00  1.00000000e+01  1.00000000e+00 -5.99073687e-01 -3.23830388e-01  2.47760693e-02 -6.59595424e-02  3.37131182e-02 -5.43402258e-02 -3.48341245e-03  8.27918245e-02  2.72723158e-01 -1.21339881e-01 -1.08754413e-02
 2.00001000e+00  1.00000000e+02  0.00000000e+00  1.94372648e+03  4.91947962e+00 -1.10109182e+00  1.19565928e+00  3.29114058e+00  2.90369166e+03  4.06803959e+00 -6.99941917e-01  1.16018503e+03  6.05173273e+00  1.43098155e+00
 2.00001000e+00  1.00000000e+02  1.00000000e+00 -1.94372724e+03 -4.89485123e+00  1.11696189e+00 -1.16385485e+00  5.36790003e+01 -2.90368933e+03 -4.07914488e+00  2.06675148e+02  1.16149842e+05  2.46279717e+02 -1.31536339e+00
 2.00002000e+00  1.00000000e+02  0.00000000e+00  9.72992626e+02  4.55965884e+00 -9.61498304e-01  1.19315269e+00  3.01927869e+00  1.44858535e+03  3.60202756e+00 -6.33276626e-01  5.78532509e+02  5.41658948e+00  1.42803261e+00
 2.00002000e+00  1.00000000e+02  1.00000000e+00 -9.72993386e+02 -4.53503045e+00  9.77368378e-01 -1.16134826e+00  4.69019110e+01 -1.44858301e+03 -3.61313285e+00  1.83076610e+02  5.79451973e+04  2.18676849e+02 -1.31241445e+00
 2.00005000e+00  1.00000000e+02  0.00000000e+00  3.90448959e+02  4.08516853e+00 -7.79456067e-01  1.18625222e+00  2.66369159e+00  5.76077904e+02  2.99211125e+00 -5.45042116e-01  2.30031326e+02  4.59001164e+00  1.41991440e+00
 2.00005000e+00  1.00000000e+02  1.00000000e+00 -3.90449719e+02 -4.06054014e+00  7.95326140e-01 -1.15444780e+00  3.80658004e+01 -5.76075570e+02 -3.00321654e+00  1.52192377e+02  2.30443914e+04  1.82548879e+02 -1.30429624e+00
 2.00010000e+00  1.00000000e+02  0.00000000e+00  1.96188103e+02  3.72796151e+00 -6.45440776e-01  1.17571114e+00  2.40032974e+00  2.85666402e+02  2.53980333e+00 -4.78135382e-01  1.14225900e+02  3.98406787e+00  1.40751310e+00
 2.00010000e+00  1.00000000e+02  1.00000000e+00 -1.96188863e+02 -3.70333312e+00  6.61310849e-01 -1.14390672e+00  3.15635826e+01 -2.85664067e+02 -2.55090862e+00  1.29291216e+02  1.14275624e+04  1.55754710e+02 -1.29189494e+00
 2.00020000e+00  1.00000000e+02  0.00000000e+00  9.89872320e+01  3.37362553e+00 -5.17552805e-01  1.15634469e+00  2.14630466e+00  1.40828742e+02  2.10254849e+00 -4.10963439e-01  5.66161494e+01  3.41019784e+00  1.38472900e+00
 2.00020000e+00  1.00000000e+02  1.00000000e+00 -9.89879922e+01 -3.34899714e+00  5.33422878e-01 -1.12454026e+00  2.53632934e+01 -1.40826407e+02 -2.11365378e+00  1.07156079e+02  5.63371289e+03  1.29848844e+02 -1.26911084e+00
 2.00050000e+00  1.00000000e+02  0.00000000e+00  4.05671904e+01  2.91377638e+00 -3.66757404e-01  1.10443844e+00  1.83833123e+00  5.44244623e+01  1.56939677e+00 -3.21376467e-01  2.23835474e+01  2.74718302e+00  1.32366270e+00
 2.00050000e+00  1.00000000e+02  1.00000000e+00 -4.05679506e+01 -2.88914799e+00  3.82627477e-01 -1.07263401e+00  1.80668956e+01 -5.44221275e+01 -1.58050206e+00  8.01782552e+01  2.17716473e+03  9.82508599e+01 -1.20804454e+00
 2.00100000e+00  1.00000000e+02  0.00000000e+00  2.10198556e+01  2.57816143e+00 -2.78823455e-01  1.02752497e+00  1.64518776e+00  2.59619034e+01  1.23029760e+00 -2.52475189e-01  1.11030344e+01  2.38245418e+00  1.23317609e+00
 2.00100000e+00  1.00000000e+02  1.00000000e+00 -2.10206157e+01 -2.55353304e+00  2.94693529e-01 -9.95720546e-01  1.38353726e+01 -2.59595686e+01 -1.24140289e+00  6.30380790e+01  1.03848695e+03  7.81372978e+01 -1.11755793e+00
 2.00200000e+00  1.00000000e+02  0.00000000e+00  1.11849893e+01  2.26198627e+00 -2.32377442e-01  8.90855149e-01  1.51526326e+00  1.19588048e+01  9.93122480e-01 -1.81778184e-01  5.37702579e+00  2.23489587e+00  1.07238775e+00
 2.00200000e+00  1.00000000e+02  1.00000000e+00 -1.11857494e+01 -2.23735787e+00  2.48247515e-01 -8.59050721e-01  1.16482008e+01 -1.19564700e+01 -1.00422777e+00  5.10846302e+01  4.78361774e+02  6.40384171e+01 -9.56769585e-01
 2.00500000e+00  1.00000000e+02  0.00000000e+00  5.20936422e+00  1.89848704e+00 -2.87209936e-01  5.42776668e-01  1.52062394e+00  3.67970781e+00  9.65140000e-01 -8.32909939e-02  1.25811110e+00  2.64824985e+00  6.62882849e-01
 2.00500000e+00  1.00000000e+02  1.00000000e+00 -5.21012439e+00 -1.87385865e+00  3.03080009e-01 -5.10972240e-01  1.44842814e+01 -3.67737301e+00 -9.76245287e-01  4.98139394e+01  1.47684257e+02  6.22511792e+01 -5.47264687e-01
 2.01000000e+00  1.00000000e+02  0.00000000e+00  3.17740757e+00  1.69535683e+00 -4.82021968e-01  5.86154053e-02  1.75832648e+00  7.45713466e-01  1.32066727e+00 -2.15158561e-03 -1.37354886e+00  3.76356801e+00  9.32802465e-02
 2.01000000e+00  1.00000000e+02  1.00000000e+00 -3.17816774e+00 -1.67072844e+00  4.97892042e-01 -2.68109771e-02  2.41852920e+01 -7.43378667e-01 -1.33177255e+00  6.80220241e+01  3.13361703e+01  8.31284981e+01  2.23379157e-02
 2.02000000e+00  1.00000000e+02  0.00000000e+00  2.15039395e+00  1.59391759e+00 -8.93860630e-01 -7.38136037e-01  2.32673243e+00 -1.25232241e+00  2.20936722e+00  8.83814138e-02 -4.83020553e+00  6.01492216e+00 -8.44076229e-01
 2.02000000e+00  1.00000000e+02  1.00000000e+00 -2.15115412e+00 -1.56928919e+00  9.09730703e-01  7.69940465e-01  4.45804628e+01  1.25465721e+00 -2.22047251e+00  1.13362285e+02 -4.66623925e+01  1.35469086e+02  9.59694391e-01
 2.02500000e+00  1.00000000e+02  0.00000000e+00  1.80442407e+00  1.30047411e+00 -1.54909933e-02  1.00945934e+00  1.02450809e+00  3.48691109e-01  9.01768957e-02 -7.54568461e-03  1.07098089e+00  1.04805288e+00  1.01563689e+00
 2.02500000e+00  1.00000000e+02  1.00000000e+00 -1.80316667e+00 -1.25872199e+00  2.94715689e-02 -9.43979889e-01  1.19846982e+00 -3.50094742e-01 -9.90923842e-02  5.53316176e+00  1.34697990e+01  6.22647905e+00 -9.08344790e-01
 2.05000000e+00  1.00000000e+02  0.00000000e+00  1.42174639e+00  1.17293096e+00 -4.47426293e-03  1.00252380e+00  1.00647936e+00  1.28269088e-01  3.58068936e-02 -2.41808921e-03  1.02013204e+00  1.01418760e+00  1.00454132e+00
 2.05000000e+00  1.00000000e+02  1.00000000e+00 -1.41931703e+00 -1.11439219e+00  1.82730828e-02 -9.03572683e-01  6.55755770e-01 -1.30429337e-01 -4.50138492e-02  2.81204779e+00  4.71607062e+00  2.99098529e+00 -8.44881247e-01
 2.10000000e+00  1.00000000e+02  0.00000000e+00  1.21450096e+00  1.09199158e+00 -1.28061276e-03  1.00050169e+00  1.00130178e+00  4.22636423e-02  1.20968872e-02 -5.77723193e-04  1.00463840e+00  1.00328806e+00  1.00098680e+00
 2.10000000e+00  1.00000000e+02  1.00000000e+00 -1.20867530e+00 -1.00128591e+00  1.45151285e-02 -8.38853859e-01  4.75240276e-01 -4.57705882e-02 -2.09989063e-02  1.58905272e+00  1.47014806e+00  1.46160838e+00 -7.46311126e-01
 2.20000000e+00  1.00000000e+02  0.00000000e+00  1.10557019e+00  1.04528493e+00 -4.77014326e-04  1.00007727e+00  1.00020676e+00  1.22658099e-02  3.43995656e-03 -1.01499167e-04  1.00082232e+00  1.00057493e+00  1.00015560e+00
 2.20000000e+00  1.00000000e+02  1.00000000e+00 -1.08954631e+00 -8.96241820e-01  1.25619305e-02 -7.29275158e-01  3.83785470e-01 -1.78585620e-02 -1.11578993e-02  1.05135723e+00  6.11708713e-01  6.75914379e-01 -5.90936531e-01
 2.30000000e+00  1.00000000e+02  0.00000000e+00  1.06874052e+00  1.02883745e+00 -2.89499702e-04  1.00002347e+00  1.00006485e+00  5.68214181e-03  1.52759361e-03 -3.26005050e-05  1.00026734e+00  1.00018344e+00  1.00004540e+00
 2.30000000e+00  1.00000000e+02  1.00000000e+00 -1.03916034e+00 -8.28509011e-01  1.13519808e-02 -6.38193771e-01  3.29777134e-01 -1.27180392e-02 -8.09949265e-03  8.54475560e-01  5.86257954e-01  3.47288858e-01 -4.73115417e-01
 2.40000000e+00  1.00000000e+02  0.00000000e+00  1.05033920e+00  1.02056537e+00 -2.03148096e-04  1.00000969e+00  1.00002765e+00  3.24326680e-03  8.29490644e-04 -1.39123685e-05  1.00011534e+00  1.00007751e+00  1.00001763e+00
 2.40000000e+00  1.00000000e+02  1.00000000e+00 -1.00492288e+00 -7.74865683e-01  1.03657456e-02 -5.61689560e-01  2.87741134e-01 -1.12526071e-02 -6.42338978e-03  7.30389939e-01  6.44605306e-01  1.48488628e-01 -3.82417705e-01
 2.50000000e+00  1.00000000e+02  0.00000000e+00  1.03934909e+00  1.01565058e+00 -1.52793281e-04  1.00000477e+00  1.00001406e+00  2.08824468e-03  5.06338529e-04 -7.03109293e-06  1.00005915e+00  1.00003884e+00  1.00000814e+00
 2.50000000e+00  1.00000000e+02  1.00000000e+00 -9.76601074e-01 -7.29551766e-01  9.52064393e-03 -4.96944529e-01  2.53257131e-01 -1.07282424e-02 -5.28434632e-03  6.37083662e-01  6.95590231e-01  1.68243546e-02 -3.11809994e-01
 2.60000000e+00  1.00000000e+02  0.00000000e+00  1.03206078e+00  1.01242731e+00 -1.19995001e-04  1.00000264e+00  1.00000802e+00  1.45255785e-03  3.33395736e-04 -3.96594642e-06  1.00003395e+00  1.00002176e+00  1.00000421e+00
 2.60000000e+00  1.00000000e+02  1.00000000e+00 -9.51057827e-01 -6.90139710e-01  8.78267891e-03 -4.41780932e-01  2.24366594e-01 -1.04727585e-02 -4.43339837e-03  5.61905275e-01  7.26151185e-01 -7.25927045e-02 -2.56284078e-01
 2.70000000e+00  1.00000000e+02  0.00000000e+00  1.02688458e+00  1.01017050e+00 -9.71024586e-05  1.00000158e+00  1.00000496e+00  1.06616912e-03  2.31513616e-04 -2.41646769e-06  1.00002111e+00  1.00001318e+00  1.00000236e+00
 2.70000000e+00  1.00000000e+02  1.00000000e+00 -9.27121214e-01 -6.55285445e-01  8.13128840e-03 -3.94489327e-01  1.99853970e-01 -1.02833085e-02 -3.76693316e-03  4.99343294e-01  7.38029506e-01 -1.33363208e-01 -2.12211415e-01
 2.80000000e+00  1.00000000e+02  0.00000000e+00  1.02302639e+00  1.00851487e+00 -8.03358267e-05  1.00000100e+00  1.00000326e+00  8.14220694e-04  1.67273953e-04 -1.55964985e-06  1.00001393e+00  1.00000847e+00  1.00000141e+00
 2.80000000e+00  1.00000000e+02  1.00000000e+00 -9.04301992e-01 -6.24117457e-01  7.55199404e-03 -3.53713965e-01  1.78864728e-01 -1.00942939e-02 -3.23060780e-03  4.46328594e-01  7.35510970e-01 -1.74064440e-01 -1.76928172e-01
 2.90000000e+00  1.00000000e+02  0.00000000e+00  1.02004490e+00  1.00725674e+00 -6.76197437e-05  1.00000067e+00  1.00000224e+00  6.40947326e-04  1.24623412e-04 -1.05224738e-06  1.00000963e+00  1.00000569e+00  1.00000088e+00
 2.90000000e+00  1.00000000e+02  1.00000000e+00 -8.82380764e-01 -5.96014980e-01  7.03380950e-03 -3.18370018e-01  1.60760648e-01 -9.88633718e-03 -2.79130674e-03  4.00869653e-01  7.22645007e-01 -2.00478525e-01 -1.48455718e-01
 3.00000000e+00  1.00000000e+02  0.00000000e+00  1.01767581e+00  1.00627399e+00 -5.77095739e-05  1.00000046e+00  1.00000160e+00  5.16789028e-04  9.51555576e-05 -7.35460738e-07  1.00000690e+00  1.00000396e+00  1.00000057e+00
 3.00000000e+00  1.00000000e+02  1.00000000e+00 -8.61253691e-01 -5.70509618e-01  6.56803183e-03 -2.87582398e-01  1.45047894e-01 -9.65688631e-03 -2.42688660e-03  3.61552055e-01  7.02694469e-01 -2.16639528e-01 -1.25308494e-01
 3.10000000e+00  1.00000000e+02  0.00000000e+00  1.01575104e+00  1.00548910e+00 -4.98169712e-05  1.00000033e+00  1.00000118e+00  4.24853716e-04  7.41341774e-05 -5.29103325e-07  1.00000510e+00  1.00000285e+00  1.00000038e+00
 3.10000000e+00  1.00000000e+02  1.00000000e+00 -8.40867556e-01 -5.47234291e-01  6.14759209e-03 -2.60639916e-01  1.31336000e-01 -9.40919553e-03 -2.12159771e-03  3.27313101e-01  6.78133568e-01 -2.25420210e-01 -1.06359977e-01
 3.20000000e+00  1.00000000e+02  0.00000000e+00  1.01415868e+00  1.00485067e+00 -4.34187356e-05  1.00000024e+00  1.00000089e+00  3.54926165e-04  5.87394070e-05 -3.89914172e-07  1.00000387e+00  1.00000209e+00  1.00000026e+00
 3.20000000e+00  1.00000000e+02  1.00000000e+00 -8.21191221e-01 -5.25893747e-01  5.76664895e-03 -2.36960542e-01  1.19311383e-01 -9.14812895e-03 -1.86377768e-03  2.97325829e-01  6.50785373e-01 -2.28893442e-01 -9.07479368e-02
 3.30000000e+00  1.00000000e+02  0.00000000e+00  1.01282134e+00  1.00432329e+00 -3.81545138e-05  1.00000018e+00  1.00000068e+00  3.00536188e-04  4.72149849e-05 -2.93256449e-07  1.00000299e+00  1.00000157e+00  1.00000019e+00
 3.30000000e+00  1.00000000e+02  1.00000000e+00 -8.02202591e-01 -5.06245966e-01  5.42031513e-03 -2.16064851e-01  1.08719209e-01 -8.87852878e-03 -1.64454586e-03  2.70931449e-01  6.21969044e-01 -2.28568544e-01 -7.78066860e-02
 3.40000000e+00  1.00000000e+02  0.00000000e+00  1.01168379e+00  1.00388188e+00 -3.37683789e-05  1.00000014e+00  1.00000054e+00  2.57426299e-04  3.84257827e-05 -2.24459217e-07  1.00000236e+00  1.00000120e+00  1.00000013e+00
 3.40000000e+00  1.00000000e+02  1.00000000e+00 -7.83882668e-01 -4.88089681e-01  5.10446199e-03 -1.97555522e-01  9.93503839e-02 -8.60463193e-03 -1.45700120e-03  2.47596350e-01  5.92624935e-01 -2.25551524e-01 -6.70180843e-02
 3.50000000e+00  1.00000000e+02  0.00000000e+00  1.01070560e+00  1.00350820e+00 -3.00741387e-05  1.00000010e+00  1.00000043e+00  2.22697917e-04  3.16134620e-05 -1.74433064e-07  1.00000189e+00  1.00000093e+00  1.00000010e+00
 3.50000000e+00  1.00000000e+02  1.00000000e+00 -7.66212914e-01 -4.71255574e-01  4.81557461e-03 -1.81101388e-01  9.10319599e-02 -8.32991607e-03 -1.29569661e-03  2.26882874e-01  5.63412620e-01 -2.20656372e-01 -5.79757476e-02
 3.60000000e+00  1.00000000e+02  0.00000000e+00  1.00985646e+00  1.00318867e+00 -2.69330025e-05  1.00000008e+00  1.00000035e+00  1.94328783e-04  2.62593032e-05 -1.37382422e-07  1.00000153e+00  1.00000073e+00  1.00000007e+00
 3.60000000e+00  1.00000000e+02  1.00000000e+00 -7.49174270e-01 -4.55599852e-01  4.55064049e-03 -1.66424936e-01  8.36198645e-02 -8.05713302e-03 -1.15628035e-03  2.08428546e-01  5.34785635e-01 -2.14483699e-01 -5.03586483e-02
 3.70000000e+00  1.00000000e+02  0.00000000e+00  1.00911327e+00  1.00291305e+00 -2.42398605e-05  1.00000006e+00  1.00000028e+00  1.70868557e-04  2.19988307e-05 -1.09490817e-07  1.00000126e+00  1.00000058e+00  1.00000005e+00
 3.70000000e+00  1.00000000e+02  1.00000000e+00 -7.32746861e-01 -4.40999404e-01  4.30706309e-03 -1.53292435e-01  7.69933310e-02 -7.78839252e-03 -1.03523953e-03  1.91930687e-01  5.07046880e-01 -2.07477072e-01 -4.39114664e-02
 3.80000000e+00  1.00000000e+02  0.00000000e+00  1.00845804e+00  1.00267343e+00 -2.19136699e-05  1.00000005e+00  1.00000023e+00  1.51257484e-04  1.85713116e-05 -8.81898863e-08  1.00000105e+00  1.00000047e+00  1.00000004e+00
 3.80000000e+00  1.00000000e+02  1.00000000e+00 -7.16910093e-01 -4.27348093e-01  4.08259284e-03 -1.41506079e-01  7.10505481e-02 -7.52527034e-03 -9.29714196e-04  1.77134819e-01  4.80389899e-01 -1.99963780e-01 -3.84298396e-02
 3.90000000e+00  1.00000000e+02  0.00000000e+00  1.00787661e+00  1.00246363e+00 -1.98910620e-05  1.00000004e+00  1.00000020e+00  1.34706551e-04  1.57868118e-05 -7.17127537e-08  1.00000088e+00  1.00000038e+00  1.00000003e+00
 3.90000000e+00  1.00000000e+02  1.00000000e+00 -7.01642860e-01 -4.14553844e-01  3.87527182e-03 -1.30897714e-01  6.57052378e-02 -7.26890763e-03 -8.37358362e-04  1.63825688e-01  4.54929242e-01 -1.92184603e-01 -3.37492025e-02
 4.00000000e+00  1.00000000e+02  0.00000000e+00  1.00735769e+00  1.00227878e+00 -1.81218941e-05  1.00000003e+00  1.00000016e+00  1.20617929e-04  1.35045806e-05 -5.88185515e-08  1.00000074e+00  1.00000031e+00  1.00000002e+00
 4.00000000e+00  1.00000000e+02  1.00000000e+00 -6.86923789e-01 -4.02536340e-01  3.68338882e-03 -1.21323773e-01  6.08839331e-02 -7.02009791e-03 -7.56234684e-04  1.51820236e-01  4.30722795e-01 -1.84315722e-01 -2.97362768e-02
 4.10000000e+00  1.00000000e+02  0.00000000e+00  1.00689214e+00  1.00211497e+00 -1.65659954e-05  1.00000003e+00  1.00000014e+00  1.08532758e-04  1.16190243e-05 -4.86227339e-08  1.00000063e+00  1.00000026e+00  1.00000002e+00
 4.10000000e+00  1.00000000e+02  1.00000000e+00 -6.72731481e-01 -3.91225164e-01  3.50544236e-03 -1.12661183e-01  5.65237947e-02 -6.77936137e-03 -6.84733722e-04  1.40962024e-01  4.07788243e-01 -1.76484932e-01 -2.62825356e-02
 4.20000000e+00  1.00000000e+02  0.00000000e+00  1.00647248e+00  1.00196904e+00 -1.51908871e-05  1.00000002e+00  1.00000012e+00  9.80936045e-05  1.00497618e-05 -4.04835409e-08  1.00000054e+00  1.00000022e+00  1.00000002e+00
 4.20000000e+00  1.00000000e+02  1.00000000e+00 -6.59044711e-01 -3.80558301e-01  3.34011030e-03 -1.04804035e-01  5.25708486e-02 -6.54700453e-03 -6.21511021e-04  1.31116765e-01  3.86115115e-01 -1.68783730e-01 -2.32991508e-02
 4.30000000e+00  1.00000000e+02  0.00000000e+00  1.00609257e+00  1.00183842e+00 -1.39700495e-05  1.00000002e+00  1.00000010e+00  8.90190464e-05  8.73497531e-06 -3.39295775e-08  1.00000047e+00  1.00000018e+00  1.00000001e+00
 4.30000000e+00  1.00000000e+02  1.00000000e+00 -6.45842601e-01 -3.70480897e-01  3.18622445e-03 -9.76608517e-02  4.89785518e-02 -6.32316925e-03 -5.65437826e-04  1.22168704e-01  3.65673640e-01 -1.61276350e-01 -2.07130600e-02
 4.40000000e+00  1.00000000e+02  0.00000000e+00  1.00574728e+00  1.00172098e+00 -1.28816531e-05  1.00000002e+00  1.00000009e+00  8.10850000e-05  7.62659606e-06 -2.86099220e-08  1.00000041e+00  1.00000015e+00  1.00000001e+00
 4.40000000e+00  1.00000000e+02  1.00000000e+00 -6.33104746e-01 -3.60944244e-01  3.04274940e-03 -9.11523445e-02  4.57066206e-02 -6.10787146e-03 -5.15562012e-04  1.14017679e-01  3.46421215e-01 -1.54006562e-01 -1.84638881e-02
 4.50000000e+00  1.00000000e+02  0.00000000e+00  1.00543234e+00  1.00161496e+00 -1.19075877e-05  1.00000001e+00  1.00000008e+00  7.41113474e-05  6.68690330e-06 -2.42604371e-08  1.00000036e+00  1.00000013e+00  1.00000001e+00
 4.50000000e+00  1.00000000e+02  1.00000000e+00 -6.20811315e-01 -3.51904934e-01  2.90876467e-03 -8.52095615e-02  4.27200658e-02 -5.90103215e-03 -4.71076924e-04  1.06576705e-01  3.28307116e-01 -1.47002797e-01 -1.65015208e-02
